object={
	name="tree_leaf_yellow_cluster_generator_1_0"
	render_pass=Map
	clamp_to_water_level=no
	generated_content=yes
	layer="tree_high_layer"
	pdxmesh="tree_leaf_yellow_01_cluster_a_mesh"
	count=9
	transform="1067.841431 0.000000 2737.154785 0.000000 0.298813 0.000000 -0.954312 1.000000 1.000000 1.000000
1078.037354 0.000000 2748.047607 0.000000 0.901020 0.000000 -0.433778 1.000000 1.000000 1.000000
1065.727173 0.000000 2747.268066 0.000000 0.993621 0.000000 0.112773 1.000000 1.000000 1.000000
1061.189087 0.000000 2766.326172 0.000000 0.332910 0.000000 0.942959 1.000000 1.000000 1.000000
1076.264771 0.000000 2761.003418 0.000000 0.290175 0.000000 -0.956974 1.000000 1.000000 1.000000
1075.658691 0.000000 2739.901611 0.000000 0.466797 0.000000 0.884364 1.000000 1.000000 1.000000
1047.265625 0.000000 2761.538818 0.000000 0.520242 0.000000 0.854019 1.000000 1.000000 1.000000
1061.318726 0.000000 2740.587646 0.000000 0.995396 0.000000 0.095845 1.000000 1.000000 1.000000
1081.849121 0.000000 2744.633789 0.000000 0.330262 0.000000 0.943889 1.000000 1.000000 1.000000
"}
