object={
	name="tree_pine_impassable_01_a_generator_1_0"
	render_pass=Map
	clamp_to_water_level=no
	generated_content=yes
	layer="tree_high_layer"
	pdxmesh="tree_pine_impassable_01_a_mesh"
	count=260
	transform="1116.214844 0.000000 2202.593506 0.000000 0.778154 0.000000 0.628073 0.400000 0.400000 0.400000
1112.537231 0.000000 2235.749023 0.000000 0.905277 0.000000 -0.424822 0.400000 0.400000 0.400000
820.814087 0.000000 2876.372070 0.000000 0.683304 0.000000 0.730134 0.400000 0.400000 0.400000
822.425842 0.000000 2879.841797 0.000000 0.921703 0.000000 0.387897 0.400000 0.400000 0.400000
818.181580 0.000000 2881.312988 0.000000 0.601897 0.000000 0.798574 0.400000 0.400000 0.400000
1069.698242 0.000000 2911.436035 0.000000 0.066291 0.000000 -0.997800 0.400000 0.400000 0.400000
1125.536133 0.000000 2917.150391 0.000000 0.514515 0.000000 -0.857482 0.400000 0.400000 0.400000
1132.501343 0.000000 2945.505859 0.000000 0.903069 0.000000 0.429496 0.400000 0.400000 0.400000
1101.080200 0.000000 2915.331543 0.000000 0.262105 0.000000 0.965039 0.400000 0.400000 0.400000
1117.247559 0.000000 2949.284668 0.000000 0.983435 0.000000 0.181263 0.400000 0.400000 0.400000
1115.863281 0.000000 2977.270020 0.000000 0.984766 0.000000 0.173886 0.400000 0.400000 0.400000
1186.009155 0.000000 2275.594482 0.000000 0.079448 0.000000 -0.996839 0.400000 0.400000 0.400000
1204.836670 0.000000 2296.992920 0.000000 0.729944 0.000000 0.683507 0.400000 0.400000 0.400000
1509.616211 0.000000 1950.999756 0.000000 0.428233 0.000000 0.903669 0.400000 0.400000 0.400000
1462.583740 0.000000 1964.078125 0.000000 0.980935 0.000000 0.194338 0.400000 0.400000 0.400000
1475.337769 0.000000 1960.547974 0.000000 0.607200 0.000000 0.794549 0.400000 0.400000 0.400000
1453.451416 0.000000 1968.318359 0.000000 0.263882 0.000000 -0.964555 0.400000 0.400000 0.400000
1498.140381 0.000000 1957.240601 0.000000 0.613755 0.000000 0.789497 0.400000 0.400000 0.400000
1505.273682 0.000000 1957.567871 0.000000 0.999956 0.000000 0.009401 0.400000 0.400000 0.400000
1152.136475 0.000000 2349.684570 0.000000 0.700087 0.000000 0.714057 0.400000 0.400000 0.400000
1160.870850 0.000000 2978.451416 0.000000 0.978988 0.000000 -0.203920 0.400000 0.400000 0.400000
1963.533813 0.000000 2461.922607 0.000000 0.994928 0.000000 0.100588 0.400000 0.400000 0.400000
1963.767334 0.000000 2480.282959 0.000000 0.082411 0.000000 0.996598 0.400000 0.400000 0.400000
1960.864136 0.000000 2476.609863 0.000000 0.917409 0.000000 -0.397945 0.400000 0.400000 0.400000
1968.437378 0.000000 2480.267090 0.000000 0.985951 0.000000 -0.167035 0.400000 0.400000 0.400000
1140.190186 0.000000 3073.188965 0.000000 0.183934 0.000000 0.982939 0.400000 0.400000 0.400000
1025.621338 0.000000 3250.697266 0.000000 0.015548 0.000000 -0.999879 0.400000 0.400000 0.400000
1033.163940 0.000000 3253.363281 0.000000 0.988548 0.000000 -0.150910 0.400000 0.400000 0.400000
1067.346436 0.000000 4581.389160 0.000000 0.428565 0.000000 0.903511 0.400000 0.400000 0.400000
1074.248169 0.000000 4594.157227 0.000000 0.692658 0.000000 0.721267 0.400000 0.400000 0.400000
1103.469849 0.000000 4599.842773 0.000000 0.817359 0.000000 -0.576128 0.400000 0.400000 0.400000
1090.662109 0.000000 4566.426270 0.000000 0.780192 0.000000 0.625540 0.400000 0.400000 0.400000
1079.934692 0.000000 4591.446777 0.000000 0.967142 0.000000 -0.254235 0.400000 0.400000 0.400000
1096.665527 0.000000 4583.711426 0.000000 0.446496 0.000000 -0.894786 0.400000 0.400000 0.400000
1080.078003 0.000000 4576.595703 0.000000 0.875903 0.000000 0.482487 0.400000 0.400000 0.400000
1682.284790 0.000000 3509.649170 0.000000 0.955073 0.000000 0.296372 0.400000 0.400000 0.400000
1714.738403 0.000000 3540.235107 0.000000 0.988302 0.000000 -0.152512 0.400000 0.400000 0.400000
1687.304199 0.000000 3510.412354 0.000000 0.335465 0.000000 0.942053 0.400000 0.400000 0.400000
1683.616821 0.000000 3513.524658 0.000000 0.023212 0.000000 0.999731 0.400000 0.400000 0.400000
1650.426758 0.000000 3592.783691 0.000000 0.903462 0.000000 0.428668 0.400000 0.400000 0.400000
1646.580322 0.000000 3586.768066 0.000000 0.687028 0.000000 -0.726631 0.400000 0.400000 0.400000
1646.038452 0.000000 3591.102051 0.000000 0.043205 0.000000 0.999066 0.400000 0.400000 0.400000
1696.523804 0.000000 3596.240967 0.000000 0.975702 0.000000 -0.219103 0.400000 0.400000 0.400000
1666.477173 0.000000 3616.010986 0.000000 0.535283 0.000000 -0.844673 0.400000 0.400000 0.400000
1720.296753 0.000000 3643.110840 0.000000 0.967186 0.000000 0.254069 0.400000 0.400000 0.400000
1661.283936 0.000000 3613.155762 0.000000 0.512204 0.000000 -0.858864 0.400000 0.400000 0.400000
1661.327271 0.000000 3619.050293 0.000000 0.189167 0.000000 -0.981945 0.400000 0.400000 0.400000
1560.519043 0.000000 3727.259766 0.000000 0.809086 0.000000 -0.587691 0.400000 0.400000 0.400000
1616.482544 0.000000 3675.514648 0.000000 0.999516 0.000000 -0.031113 0.400000 0.400000 0.400000
1642.645020 0.000000 3740.690918 0.000000 0.620014 0.000000 0.784591 0.400000 0.400000 0.400000
1617.761230 0.000000 3670.615723 0.000000 0.146792 0.000000 0.989167 0.400000 0.400000 0.400000
1664.132935 0.000000 3694.765137 0.000000 0.129036 0.000000 0.991640 0.400000 0.400000 0.400000
1714.293945 0.000000 3689.485107 0.000000 0.980083 0.000000 0.198589 0.400000 0.400000 0.400000
1684.714233 0.000000 3679.288330 0.000000 0.035749 0.000000 0.999361 0.400000 0.400000 0.400000
1685.456909 0.000000 3759.541748 0.000000 0.951969 0.000000 0.306194 0.400000 0.400000 0.400000
1833.938843 0.000000 3331.422607 0.000000 0.797961 0.000000 0.602710 0.400000 0.400000 0.400000
1829.439087 0.000000 3329.724854 0.000000 0.522989 0.000000 0.852339 0.400000 0.400000 0.400000
1824.903931 0.000000 3340.514648 0.000000 0.786940 0.000000 -0.617029 0.400000 0.400000 0.400000
1785.585205 0.000000 3384.311035 0.000000 0.954442 0.000000 0.298398 0.400000 0.400000 0.400000
1788.825073 0.000000 3396.691895 0.000000 0.944084 0.000000 -0.329704 0.400000 0.400000 0.400000
1840.729980 0.000000 3451.950195 0.000000 0.635775 0.000000 0.771875 0.400000 0.400000 0.400000
1804.654053 0.000000 3444.715820 0.000000 0.996946 0.000000 0.078089 0.400000 0.400000 0.400000
1813.412354 0.000000 3408.084229 0.000000 0.620271 0.000000 0.784387 0.400000 0.400000 0.400000
1802.986572 0.000000 3436.842529 0.000000 0.928370 0.000000 -0.371657 0.400000 0.400000 0.400000
1811.674683 0.000000 3411.626221 0.000000 0.990204 0.000000 0.139626 0.400000 0.400000 0.400000
1914.721069 0.000000 3415.586426 0.000000 0.989472 0.000000 -0.144722 0.400000 0.400000 0.400000
1728.914673 0.000000 3456.051025 0.000000 0.286490 0.000000 0.958083 0.400000 0.400000 0.400000
1794.411133 0.000000 3496.799316 0.000000 0.683740 0.000000 -0.729726 0.400000 0.400000 0.400000
1728.396973 0.000000 3476.170898 0.000000 0.296067 0.000000 0.955167 0.400000 0.400000 0.400000
1756.260986 0.000000 3490.448242 0.000000 0.130803 0.000000 0.991408 0.400000 0.400000 0.400000
1808.726440 0.000000 3483.042480 0.000000 0.971783 0.000000 0.235875 0.400000 0.400000 0.400000
1819.446533 0.000000 3477.490234 0.000000 0.897835 0.000000 0.440332 0.400000 0.400000 0.400000
1833.737793 0.000000 3478.646973 0.000000 0.991339 0.000000 -0.131328 0.400000 0.400000 0.400000
1810.701416 0.000000 3529.329102 0.000000 0.856593 0.000000 0.515993 0.400000 0.400000 0.400000
1750.614014 0.000000 3580.158203 0.000000 0.861064 0.000000 -0.508497 0.400000 0.400000 0.400000
1782.703491 0.000000 3566.209717 0.000000 0.050962 0.000000 0.998701 0.400000 0.400000 0.400000
1760.466919 0.000000 3675.514648 0.000000 0.241461 0.000000 -0.970410 0.400000 0.400000 0.400000
1865.805420 0.000000 3649.988770 0.000000 0.218756 0.000000 -0.975780 0.400000 0.400000 0.400000
1768.515991 0.000000 3788.209717 0.000000 0.471715 0.000000 -0.881751 0.400000 0.400000 0.400000
1789.552734 0.000000 3804.824463 0.000000 0.772442 0.000000 0.635086 0.400000 0.400000 0.400000
1786.068115 0.000000 3750.199951 0.000000 0.312426 0.000000 0.949942 0.400000 0.400000 0.400000
1856.121582 0.000000 3763.453369 0.000000 0.570497 0.000000 0.821300 0.400000 0.400000 0.400000
1851.051025 0.000000 3765.424316 0.000000 0.296063 0.000000 0.955169 0.400000 0.400000 0.400000
1854.125488 0.000000 3767.375488 0.000000 0.811879 0.000000 -0.583826 0.400000 0.400000 0.400000
1905.931030 0.000000 3811.344482 0.000000 0.919840 0.000000 -0.392293 0.400000 0.400000 0.400000
2046.957886 0.000000 3707.867432 0.000000 0.750103 0.000000 0.661321 0.400000 0.400000 0.400000
2081.760254 0.000000 3709.180176 0.000000 0.812936 0.000000 0.582353 0.400000 0.400000 0.400000
2120.607666 0.000000 3735.443604 0.000000 0.994278 0.000000 -0.106819 0.400000 0.400000 0.400000
2104.848389 0.000000 3724.406738 0.000000 0.938177 0.000000 0.346155 0.400000 0.400000 0.400000
2034.462402 0.000000 3759.237061 0.000000 0.362474 0.000000 0.931994 0.400000 0.400000 0.400000
2133.566406 0.000000 3763.243896 0.000000 0.486746 0.000000 0.873544 0.400000 0.400000 0.400000
2163.759033 0.000000 3772.535156 0.000000 0.980373 0.000000 0.197152 0.400000 0.400000 0.400000
1649.235352 0.000000 4577.168945 0.000000 0.330281 0.000000 0.943882 0.400000 0.400000 0.400000
1602.069580 0.000000 4515.812012 0.000000 0.534608 0.000000 -0.845100 0.400000 0.400000 0.400000
1648.868164 0.000000 4525.491211 0.000000 0.589002 0.000000 -0.808131 0.400000 0.400000 0.400000
1610.018188 0.000000 4577.600586 0.000000 0.842889 0.000000 0.538087 0.400000 0.400000 0.400000
1603.270996 0.000000 4576.581055 0.000000 0.995748 0.000000 0.092122 0.400000 0.400000 0.400000
1668.438477 0.000000 4588.769531 0.000000 0.114250 0.000000 -0.993452 0.400000 0.400000 0.400000
887.493286 0.000000 4791.811523 0.000000 0.272426 0.000000 -0.962177 0.400000 0.400000 0.400000
898.040405 0.000000 4771.188477 0.000000 0.539256 0.000000 -0.842142 0.400000 0.400000 0.400000
880.689026 0.000000 4775.680176 0.000000 0.884615 0.000000 0.466322 0.400000 0.400000 0.400000
903.477051 0.000000 4785.188965 0.000000 0.353829 0.000000 0.935310 0.400000 0.400000 0.400000
892.028076 0.000000 4781.229004 0.000000 0.382572 0.000000 -0.923926 0.400000 0.400000 0.400000
1005.670959 0.000000 4734.546875 0.000000 0.541872 0.000000 0.840461 0.400000 0.400000 0.400000
986.042969 0.000000 4706.851074 0.000000 0.870625 0.000000 0.491947 0.400000 0.400000 0.400000
1001.899109 0.000000 4705.816895 0.000000 0.948887 0.000000 -0.315615 0.400000 0.400000 0.400000
1031.477661 0.000000 4695.827148 0.000000 0.353873 0.000000 0.935293 0.400000 0.400000 0.400000
1077.663086 0.000000 4638.562500 0.000000 0.629003 0.000000 -0.777403 0.400000 0.400000 0.400000
1067.346436 0.000000 4677.373535 0.000000 0.926661 0.000000 0.375898 0.400000 0.400000 0.400000
1048.594116 0.000000 4652.069336 0.000000 0.991010 0.000000 -0.133785 0.400000 0.400000 0.400000
1007.942505 0.000000 4687.431152 0.000000 0.967275 0.000000 -0.253729 0.400000 0.400000 0.400000
1046.911987 0.000000 4630.655273 0.000000 0.402448 0.000000 0.915443 0.400000 0.400000 0.400000
1067.841431 0.000000 4656.842773 0.000000 0.751484 0.000000 0.659751 0.400000 0.400000 0.400000
1055.042358 0.000000 4666.666016 0.000000 0.427981 0.000000 0.903788 0.400000 0.400000 0.400000
1062.120361 0.000000 4642.450195 0.000000 0.971060 0.000000 0.238835 0.400000 0.400000 0.400000
1074.248169 0.000000 4690.141602 0.000000 0.711547 0.000000 -0.702639 0.400000 0.400000 0.400000
1103.469849 0.000000 4695.827148 0.000000 0.089287 0.000000 0.996006 0.400000 0.400000 0.400000
1149.655273 0.000000 4638.562500 0.000000 0.943997 0.000000 0.329955 0.400000 0.400000 0.400000
1079.934692 0.000000 4687.431152 0.000000 0.532203 0.000000 -0.846617 0.400000 0.400000 0.400000
1080.984985 0.000000 4607.863770 0.000000 0.901931 0.000000 0.431881 0.400000 0.400000 0.400000
1139.833618 0.000000 4656.842773 0.000000 0.926946 0.000000 0.375194 0.400000 0.400000 0.400000
1096.665527 0.000000 4679.695801 0.000000 0.997268 0.000000 -0.073872 0.400000 0.400000 0.400000
1031.477661 0.000000 4791.811523 0.000000 0.770440 0.000000 -0.637513 0.400000 0.400000 0.400000
1067.346436 0.000000 4773.357910 0.000000 0.528234 0.000000 -0.849099 0.400000 0.400000 0.400000
1018.669922 0.000000 4758.395020 0.000000 0.405775 0.000000 -0.913973 0.400000 0.400000 0.400000
1048.594116 0.000000 4748.053711 0.000000 0.229744 0.000000 0.973251 0.400000 0.400000 0.400000
1008.992737 0.000000 4703.848145 0.000000 0.890238 0.000000 -0.455495 0.400000 0.400000 0.400000
1024.673340 0.000000 4775.680176 0.000000 0.669877 0.000000 0.742472 0.400000 0.400000 0.400000
1055.042358 0.000000 4762.650391 0.000000 0.201506 0.000000 0.979487 0.400000 0.400000 0.400000
1034.355103 0.000000 4757.446289 0.000000 0.916748 0.000000 0.399465 0.400000 0.400000 0.400000
1011.159302 0.000000 4719.985840 0.000000 0.561309 0.000000 0.827606 0.400000 0.400000 0.400000
1023.834595 0.000000 4704.692383 0.000000 0.238444 0.000000 0.971156 0.400000 0.400000 0.400000
1103.469849 0.000000 4791.811523 0.000000 0.420807 0.000000 -0.907150 0.400000 0.400000 0.400000
1149.655273 0.000000 4734.546875 0.000000 0.968072 0.000000 0.250671 0.400000 0.400000 0.400000
1139.338623 0.000000 4773.357910 0.000000 0.687242 0.000000 -0.726429 0.400000 0.400000 0.400000
1090.662109 0.000000 4758.395020 0.000000 0.321146 0.000000 0.947030 0.400000 0.400000 0.400000
1114.016968 0.000000 4771.188477 0.000000 0.286928 0.000000 0.957952 0.400000 0.400000 0.400000
1096.665527 0.000000 4775.680176 0.000000 0.507171 0.000000 0.861845 0.400000 0.400000 0.400000
894.418030 0.000000 4799.529297 0.000000 0.852886 0.000000 -0.522097 0.400000 0.400000 0.400000
989.326538 0.000000 5044.212891 0.000000 0.325579 0.000000 -0.945515 0.400000 0.400000 0.400000
1044.000000 0.000000 5037.443848 0.000000 0.907993 0.000000 -0.418986 0.400000 0.400000 0.400000
1016.004211 0.000000 5074.193359 0.000000 0.699203 0.000000 -0.714923 0.400000 0.400000 0.400000
1055.437378 0.000000 5031.895020 0.000000 0.531657 0.000000 -0.846960 0.400000 0.400000 0.400000
1175.462036 0.000000 4695.827148 0.000000 0.073886 0.000000 -0.997267 0.400000 0.400000 0.400000
1221.647461 0.000000 4638.562500 0.000000 0.969458 0.000000 0.245258 0.400000 0.400000 0.400000
1158.269287 0.000000 4641.625000 0.000000 0.361524 0.000000 -0.932363 0.400000 0.400000 0.400000
1168.657715 0.000000 4679.695801 0.000000 0.998973 0.000000 -0.045303 0.400000 0.400000 0.400000
1163.784546 0.000000 4691.473145 0.000000 0.111742 0.000000 -0.993737 0.400000 0.400000 0.400000
1247.454224 0.000000 4695.827148 0.000000 0.984738 0.000000 -0.174043 0.400000 0.400000 0.400000
1242.548340 0.000000 4623.096680 0.000000 0.156109 0.000000 -0.987740 0.400000 0.400000 0.400000
1283.322998 0.000000 4677.373535 0.000000 0.836570 0.000000 -0.547860 0.400000 0.400000 0.400000
1262.888550 0.000000 4630.655273 0.000000 0.618890 0.000000 -0.785477 0.400000 0.400000 0.400000
1230.261475 0.000000 4641.625000 0.000000 0.446024 0.000000 0.895021 0.400000 0.400000 0.400000
1248.823975 0.000000 4642.634277 0.000000 0.437175 0.000000 -0.899377 0.400000 0.400000 0.400000
1290.224731 0.000000 4690.141602 0.000000 0.156032 0.000000 -0.987752 0.400000 0.400000 0.400000
1240.213379 0.000000 4634.678711 0.000000 0.624374 0.000000 -0.781125 0.400000 0.400000 0.400000
1221.647461 0.000000 4734.546875 0.000000 0.145657 0.000000 0.989335 0.400000 0.400000 0.400000
1211.330811 0.000000 4773.357910 0.000000 0.730484 0.000000 0.682930 0.400000 0.400000 0.400000
1162.654297 0.000000 4758.395020 0.000000 0.968839 0.000000 -0.247690 0.400000 0.400000 0.400000
1151.926880 0.000000 4783.415527 0.000000 0.999645 0.000000 -0.026659 0.400000 0.400000 0.400000
1158.269287 0.000000 4737.609375 0.000000 0.100345 0.000000 -0.994953 0.400000 0.400000 0.400000
1211.825806 0.000000 4752.827148 0.000000 0.312964 0.000000 0.949765 0.400000 0.400000 0.400000
1199.026733 0.000000 4762.650391 0.000000 0.929539 0.000000 0.368725 0.400000 0.400000 0.400000
1178.339478 0.000000 4757.446289 0.000000 0.469536 0.000000 0.882913 0.400000 0.400000 0.400000
1152.136475 0.000000 4749.293945 0.000000 0.682267 0.000000 -0.731103 0.400000 0.400000 0.400000
1176.990479 0.000000 4772.556152 0.000000 0.816923 0.000000 -0.576746 0.400000 0.400000 0.400000
1242.548340 0.000000 4719.081055 0.000000 0.076383 0.000000 0.997079 0.400000 0.400000 0.400000
1283.322998 0.000000 4773.357910 0.000000 0.841768 0.000000 0.539840 0.400000 0.400000 0.400000
1262.888550 0.000000 4726.639648 0.000000 0.437116 0.000000 -0.899405 0.400000 0.400000 0.400000
1230.261475 0.000000 4737.609375 0.000000 0.173467 0.000000 0.984840 0.400000 0.400000 0.400000
1283.817993 0.000000 4752.827148 0.000000 0.371164 0.000000 0.928567 0.400000 0.400000 0.400000
1271.018921 0.000000 4762.650391 0.000000 0.408540 0.000000 0.912741 0.400000 0.400000 0.400000
1270.429077 0.000000 4774.314941 0.000000 0.594975 0.000000 -0.803744 0.400000 0.400000 0.400000
1295.911255 0.000000 4687.431152 0.000000 0.997857 0.000000 0.065437 0.400000 0.400000 0.400000
1296.961548 0.000000 4703.848145 0.000000 0.995196 0.000000 -0.097898 0.400000 0.400000 0.400000
1320.816162 0.000000 4738.618652 0.000000 0.318778 0.000000 -0.947829 0.400000 0.400000 0.400000
1322.323853 0.000000 4757.446289 0.000000 0.566694 0.000000 -0.823928 0.400000 0.400000 0.400000
1318.599365 0.000000 4747.625488 0.000000 0.133512 0.000000 0.991047 0.400000 0.400000 0.400000
1221.647461 0.000000 4830.531250 0.000000 0.922699 0.000000 -0.385521 0.400000 0.400000 0.400000
1202.019531 0.000000 4802.835449 0.000000 0.677522 0.000000 0.735502 0.400000 0.400000 0.400000
1208.191895 0.000000 4819.281738 0.000000 0.985981 0.000000 0.166857 0.400000 0.400000 0.400000
1219.167725 0.000000 4816.189941 0.000000 0.283130 0.000000 -0.959081 0.400000 0.400000 0.400000
1185.808105 0.000000 4822.428223 0.000000 0.130286 0.000000 -0.991476 0.400000 0.400000 0.400000
1178.142456 0.000000 4801.000977 0.000000 0.386352 0.000000 0.922351 0.400000 0.400000 0.400000
1293.639648 0.000000 4830.531250 0.000000 0.813457 0.000000 -0.581624 0.400000 0.400000 0.400000
1283.322998 0.000000 4869.342285 0.000000 0.407084 0.000000 -0.913391 0.400000 0.400000 0.400000
1264.570679 0.000000 4844.038086 0.000000 0.951979 0.000000 0.306164 0.400000 0.400000 0.400000
1230.261475 0.000000 4833.593750 0.000000 0.564621 0.000000 -0.825350 0.400000 0.400000 0.400000
1283.817993 0.000000 4848.811523 0.000000 0.413476 0.000000 0.910515 0.400000 0.400000 0.400000
1271.018921 0.000000 4858.634766 0.000000 0.984132 0.000000 0.177439 0.400000 0.400000 0.400000
1278.096924 0.000000 4834.418945 0.000000 0.101576 0.000000 -0.994828 0.400000 0.400000 0.400000
1227.135864 0.000000 4815.970215 0.000000 0.476138 0.000000 0.879371 0.400000 0.400000 0.400000
1314.540527 0.000000 4815.065430 0.000000 0.874363 0.000000 0.485272 0.400000 0.400000 0.400000
1306.638672 0.000000 4854.379395 0.000000 0.537143 0.000000 -0.843491 0.400000 0.400000 0.400000
1320.816162 0.000000 4834.603027 0.000000 0.231554 0.000000 0.972822 0.400000 0.400000 0.400000
1312.205566 0.000000 4826.647461 0.000000 0.653844 0.000000 -0.756630 0.400000 0.400000 0.400000
1322.598633 0.000000 4822.732910 0.000000 0.498467 0.000000 -0.866909 0.400000 0.400000 0.400000
1315.501221 0.000000 4821.271973 0.000000 0.978788 0.000000 0.204874 0.400000 0.400000 0.400000
1432.202637 0.000000 5157.765137 0.000000 0.231869 0.000000 -0.972747 0.400000 0.400000 0.400000
1474.217285 0.000000 5140.624512 0.000000 0.084330 0.000000 -0.996438 0.400000 0.400000 0.400000
1512.031128 0.000000 5152.501953 0.000000 0.479642 0.000000 0.877464 0.400000 0.400000 0.400000
1557.528076 0.000000 5152.318848 0.000000 0.966670 0.000000 0.256025 0.400000 0.400000 0.400000
1571.876953 0.000000 5166.589844 0.000000 0.402215 0.000000 -0.915545 0.400000 0.400000 0.400000
1715.771118 0.000000 5040.780273 0.000000 0.552018 0.000000 -0.833832 0.400000 0.400000 0.400000
1710.711304 0.000000 5005.975586 0.000000 0.775566 0.000000 -0.631266 0.400000 0.400000 0.400000
1692.152344 0.000000 5082.125000 0.000000 0.364965 0.000000 0.931021 0.400000 0.400000 0.400000
1616.897461 0.000000 5161.122070 0.000000 0.927185 0.000000 0.374603 0.400000 0.400000 0.400000
1509.860352 0.000000 5228.323730 0.000000 0.692631 0.000000 0.721292 0.400000 0.400000 0.400000
1485.652710 0.000000 5209.141113 0.000000 0.440281 0.000000 0.897860 0.400000 0.400000 0.400000
1555.123047 0.000000 5243.498047 0.000000 0.966233 0.000000 0.257668 0.400000 0.400000 0.400000
1544.425171 0.000000 5198.682129 0.000000 0.114968 0.000000 -0.993369 0.400000 0.400000 0.400000
1592.823975 0.000000 5186.092285 0.000000 0.892723 0.000000 -0.450606 0.400000 0.400000 0.400000
1911.367676 0.000000 4785.188965 0.000000 0.519297 0.000000 -0.854594 0.400000 0.400000 0.400000
1989.582153 0.000000 4819.072266 0.000000 0.944585 0.000000 -0.328266 0.400000 0.400000 0.400000
2009.196289 0.000000 4961.106445 0.000000 0.995916 0.000000 -0.090280 0.400000 0.400000 0.400000
2119.291504 0.000000 4875.431152 0.000000 0.953405 0.000000 -0.301692 0.400000 0.400000 0.400000
2124.634766 0.000000 4850.620605 0.000000 0.375019 0.000000 0.927017 0.400000 0.400000 0.400000
2068.955566 0.000000 4895.445312 0.000000 0.989192 0.000000 0.146625 0.400000 0.400000 0.400000
2019.343018 0.000000 4920.873047 0.000000 0.682206 0.000000 -0.731160 0.400000 0.400000 0.400000
2140.735107 0.000000 4984.555664 0.000000 0.355947 0.000000 0.934506 0.400000 0.400000 0.400000
2112.730225 0.000000 4930.587402 0.000000 0.988360 0.000000 -0.152133 0.400000 0.400000 0.400000
2145.680420 0.000000 4895.242188 0.000000 0.173639 0.000000 -0.984809 0.400000 0.400000 0.400000
2133.662354 0.000000 4938.977051 0.000000 0.564337 0.000000 -0.825545 0.400000 0.400000 0.400000
2135.293213 0.000000 4942.229980 0.000000 0.669958 0.000000 0.742399 0.400000 0.400000 0.400000
2111.360352 0.000000 5175.749023 0.000000 0.156245 0.000000 0.987718 0.400000 0.400000 0.400000
2085.927979 0.000000 5243.641602 0.000000 0.335848 0.000000 -0.941916 0.400000 0.400000 0.400000
2076.530518 0.000000 5211.578613 0.000000 0.491570 0.000000 -0.870838 0.400000 0.400000 0.400000
2083.549316 0.000000 5235.495605 0.000000 0.566623 0.000000 -0.823977 0.400000 0.400000 0.400000
2081.188477 0.000000 5249.059570 0.000000 0.561757 0.000000 -0.827302 0.400000 0.400000 0.400000
2038.435791 0.000000 5279.113281 0.000000 0.463896 0.000000 -0.885890 0.400000 0.400000 0.400000
2079.841309 0.000000 5241.209961 0.000000 0.322068 0.000000 -0.946717 0.400000 0.400000 0.400000
2075.699707 0.000000 5248.061523 0.000000 0.937825 0.000000 -0.347109 0.400000 0.400000 0.400000
2085.797852 0.000000 5228.323730 0.000000 0.307290 0.000000 0.951616 0.400000 0.400000 0.400000
2081.760254 0.000000 5244.930664 0.000000 0.270682 0.000000 -0.962669 0.400000 0.400000 0.400000
2077.521484 0.000000 5244.590332 0.000000 0.375359 0.000000 -0.926879 0.400000 0.400000 0.400000
2076.363770 0.000000 5240.295898 0.000000 0.034995 0.000000 -0.999388 0.400000 0.400000 0.400000
2094.167725 0.000000 5217.531250 0.000000 0.489947 0.000000 -0.871752 0.400000 0.400000 0.400000
2088.034912 0.000000 5229.215820 0.000000 0.068344 0.000000 -0.997662 0.400000 0.400000 0.400000
2104.119629 0.000000 5210.584961 0.000000 0.262302 0.000000 0.964986 0.400000 0.400000 0.400000
2096.695068 0.000000 5210.761230 0.000000 0.765600 0.000000 -0.643317 0.400000 0.400000 0.400000
2107.415283 0.000000 5205.209473 0.000000 0.105705 0.000000 -0.994398 0.400000 0.400000 0.400000
2103.028809 0.000000 5206.258789 0.000000 0.996104 0.000000 0.088184 0.400000 0.400000 0.400000
2104.229736 0.000000 5202.238281 0.000000 0.985768 0.000000 0.168112 0.400000 0.400000 0.400000
2099.416260 0.000000 5207.749023 0.000000 0.808150 0.000000 0.588977 0.400000 0.400000 0.400000
2100.419434 0.000000 5211.750000 0.000000 0.005538 0.000000 0.999985 0.400000 0.400000 0.400000
2031.725220 0.000000 5280.598633 0.000000 0.703484 0.000000 -0.710712 0.400000 0.400000 0.400000
2039.215576 0.000000 5284.278809 0.000000 0.864346 0.000000 -0.502898 0.400000 0.400000 0.400000
2033.108276 0.000000 5287.271484 0.000000 0.303329 0.000000 -0.952886 0.400000 0.400000 0.400000
2028.648682 0.000000 5285.033691 0.000000 0.745513 0.000000 -0.666491 0.400000 0.400000 0.400000
2036.255127 0.000000 5280.660645 0.000000 0.998280 0.000000 0.058634 0.400000 0.400000 0.400000
1311.803345 0.000000 5472.567383 0.000000 0.391478 0.000000 -0.920188 0.400000 0.400000 0.400000
1391.438599 0.000000 5559.686523 0.000000 0.917561 0.000000 0.397595 0.400000 0.400000 0.400000
1395.973389 0.000000 5549.104004 0.000000 0.978894 0.000000 0.204369 0.400000 0.400000 0.400000
1400.685791 0.000000 5559.146973 0.000000 0.988601 0.000000 -0.150557 0.400000 0.400000 0.400000
1395.802612 0.000000 5555.323242 0.000000 0.101658 0.000000 -0.994819 0.400000 0.400000 0.400000
1401.699097 0.000000 5554.238281 0.000000 0.567304 0.000000 -0.823508 0.400000 0.400000 0.400000
1477.345459 0.000000 5718.043945 0.000000 0.623215 0.000000 -0.782051 0.400000 0.400000 0.400000
1470.164185 0.000000 5707.824219 0.000000 0.105133 0.000000 0.994458 0.400000 0.400000 0.400000
1473.156250 0.000000 5713.332031 0.000000 0.992420 0.000000 -0.122896 0.400000 0.400000 0.400000
1587.096802 0.000000 5679.829590 0.000000 0.998040 0.000000 0.062583 0.400000 0.400000 0.400000
"}
