object={
	name="Bridge of Skulls"
	render_pass=Map
	clamp_to_water_level=no
	generated_content=no
	layer="AGOT_building_layer"
	pdxmesh="building_special_bridge_of_skulls"
	count=1
	transform="1406.303101 13.555176 5238.916504 0.000000 0.496447 0.000000 0.868067 2.230988 2.230988 2.230988
"}
object={
	name="Highgarden Surrounding - Docks"
	render_pass=Map
	clamp_to_water_level=no
	generated_content=no
	layer="building_layer"
	pdxmesh="building_special_docks_mesh"
	count=3
	transform="1077.029541 -0.126221 2552.062500 0.000000 -0.983096 0.000000 -0.183096 0.347346 0.347346 0.347346
1066.203735 -0.327637 2542.930664 0.000000 -0.996208 0.000000 -0.087009 0.347346 0.347346 0.347346
1040.341919 -0.349365 2534.427979 0.000000 -0.979923 0.000000 0.199377 0.347346 0.347346 0.347346
"}
# object={ #Commented out to remove floating trees from King's Landing when province special building doesn't exist - the same trees are now incorporated into the model directly
# 	name="Kings Landing Cypress"
# 	render_pass=Map
# 	clamp_to_water_level=no
# 	generated_content=no
# 	layer="AGOT_building_layer"
# 	pdxmesh="tree_cypress_01_b_mesh"
# 	count=45
# 	transform="1707.371338 3.131592 2970.843018 0.000000 0.259375 0.000000 0.965777 0.446997 0.446997 0.446997
# 1706.778564 3.131592 2970.943115 0.000000 -0.902353 0.000000 0.430998 0.446997 0.446997 0.446997
# 1706.352783 2.764160 2971.294678 0.000000 -0.995848 0.000000 -0.091034 0.446997 0.446997 0.446997
# 1707.051025 2.870850 2972.060303 0.000000 0.983262 0.000000 0.182200 0.446997 0.446997 0.446997
# 1707.691040 2.870850 2972.623779 0.000000 0.000000 0.000000 1.000000 0.446997 0.446997 0.446997
# 1708.309326 2.870850 2973.292725 0.000000 -0.511353 0.000000 0.859371 0.446997 0.446997 0.446997
# 1706.612061 2.860107 2969.671875 0.000000 0.779929 0.000000 -0.625868 0.446997 0.446997 0.446997
# 1707.076782 2.939209 2968.950928 0.000000 0.757494 0.000000 0.652842 0.446997 0.446997 0.446997
# 1707.649048 3.197266 2968.242432 0.000000 0.317136 0.000000 0.948380 0.446997 0.446997 0.446997
# 1705.366821 1.492188 2975.767578 0.000000 -0.083566 0.000000 0.996502 0.446997 0.446997 0.446997
# 1704.968140 1.492188 2975.391357 0.000000 -0.846057 0.000000 0.533092 0.446997 0.446997 0.446997
# 1705.739502 1.492188 2976.132324 0.000000 -0.510330 0.000000 0.859979 0.446997 0.446997 0.446997
# 1705.942505 1.192871 2978.382080 0.000000 -0.171691 0.000000 0.985151 0.341963 0.341963 0.341963
# 1705.944336 0.484131 2982.964111 0.000000 0.987588 0.000000 -0.157066 0.911592 0.911592 0.911592
# 1706.862915 0.484131 2983.288330 0.000000 0.987588 0.000000 -0.157066 0.911592 0.911592 0.911592
# 1705.175659 0.484131 2982.291748 0.000000 0.987588 0.000000 -0.157066 0.911592 0.911592 0.911592
# 1704.774414 0.484131 2981.387939 0.000000 0.987588 0.000000 -0.157066 0.911592 0.911592 0.911592
# 1705.506836 1.306152 2979.345947 0.000000 0.987588 0.000000 -0.157066 0.545204 0.545204 0.545204
# 1706.319824 1.306152 2978.559570 0.000000 0.987588 0.000000 -0.157066 0.341963 0.341963 0.341963
# 1706.319824 1.306152 2978.559570 0.000000 0.992885 0.000000 -0.119076 0.341963 0.341963 0.341963
# 1705.072754 1.193848 2978.385986 0.000000 0.647245 0.000000 0.762282 0.355295 0.355295 0.355295
# 1705.459595 1.193848 2978.285400 0.000000 0.983478 0.000000 0.181029 0.355295 0.355295 0.355295
# 1706.570923 1.492188 2976.897217 0.000000 0.983478 0.000000 0.181029 0.446997 0.446997 0.446997
# 1706.172241 1.492188 2976.520996 0.000000 0.001190 0.000000 0.999999 0.446997 0.446997 0.446997
# 1706.943604 1.492188 2977.261963 0.000000 -0.510330 0.000000 0.859979 0.446997 0.446997 0.446997
# 1707.622437 2.870850 2976.201660 0.000000 0.840988 0.000000 -0.541054 0.446997 0.446997 0.446997
# 1707.218018 2.870850 2976.573242 0.000000 0.685226 0.000000 0.728331 0.446997 0.446997 0.446997
# 1708.008057 2.870850 2975.848877 0.000000 0.216429 0.000000 0.976298 0.446997 0.446997 0.446997
# 1705.554810 2.870850 2971.805664 0.000000 0.983262 0.000000 0.182200 0.446997 0.446997 0.446997
# 1706.320068 2.255371 2974.626465 0.000000 -0.653058 0.000000 -0.757308 0.446997 0.446997 0.446997
# 1706.530640 2.185547 2974.515869 0.000000 -0.997197 0.000000 0.074816 0.446997 0.446997 0.446997
# 1706.758057 2.255371 2974.183838 0.000000 -0.790096 0.000000 0.612984 0.446997 0.446997 0.446997
# 1706.619141 2.255371 2974.392578 0.000000 -0.844242 0.000000 -0.535963 0.446997 0.446997 0.446997
# 1707.001221 2.255371 2974.509033 0.000000 -0.804045 0.000000 0.594569 0.446997 0.446997 0.446997
# 1706.771851 2.185547 2974.584229 0.000000 0.000000 0.000000 1.000000 0.446997 0.446997 0.446997
# 1706.495483 2.255371 2974.881836 0.000000 0.552154 0.000000 0.833742 0.446997 0.446997 0.446997
# 1706.669922 2.255371 2974.693848 0.000000 -0.597623 0.000000 0.801777 0.446997 0.446997 0.446997
# 1706.194824 2.870850 2972.369141 0.000000 0.000000 0.000000 1.000000 0.446997 0.446997 0.446997
# 1706.904053 2.870850 2973.884277 0.000000 0.766786 0.000000 -0.641903 0.446997 0.446997 0.446997
# 1707.280884 2.870850 2973.658691 0.000000 -0.954728 0.000000 -0.297480 0.446997 0.446997 0.446997
# 1707.544067 2.870850 2973.920410 0.000000 -0.511353 0.000000 0.859371 0.446997 0.446997 0.446997
# 1707.140625 2.870850 2974.208008 0.000000 -0.951490 0.000000 0.307681 0.446997 0.446997 0.446997
# 1706.813110 2.870850 2973.038086 0.000000 -0.511353 0.000000 0.859371 0.446997 0.446997 0.446997
# 1669.668945 0.000000 2966.089844 0.000000 0.000000 0.000000 1.000000 0.768359 0.768359 0.768359
# 1669.894775 0.000000 2968.831543 0.000000 -0.314979 0.000000 0.949099 0.761304 0.761304 0.761304
# "}
object={
	name="PykeBridge"
	render_pass=Map
	clamp_to_water_level=no
	generated_content=no
	layer="AGOT_building_layer"
	pdxmesh="building_special_PykeBridge_mesh"
	count=2
	transform="771.344604 2.324219 3521.705811 0.000000 -0.625049 0.000000 0.780586 1.351085 1.351085 1.351085
1872.684814 0.744873 3696.100342 0.000000 -0.111271 0.000000 -0.993790 1.693819 1.693819 1.693819
"}
object={
	name="Weirwood1"
	render_pass=Map
	clamp_to_water_level=no
	generated_content=no
	layer="tree_high_layer"
	pdxmesh="mapitem_trees_weirwood_01_mesh"
	count=40
	transform="1976.068481 0.000000 2632.345703 0.000000 0.000000 0.000000 1.000000 1.000317 1.000317 1.000317
1561.787842 0.000000 3295.682861 0.000000 0.000000 0.000000 1.000000 0.778467 0.778467 0.778467
1634.036621 0.000000 5333.478027 0.000000 0.000000 0.000000 1.000000 1.000000 1.000000 1.000000
1727.980103 0.000000 5387.019531 0.000000 0.795285 0.000000 0.606236 1.000000 1.000000 1.000000
1540.300049 0.000000 5350.650879 0.000000 0.000000 0.000000 1.000000 1.000000 1.000000 1.000000
1560.906128 0.000000 5430.841309 0.000000 0.000000 0.000000 1.000000 1.000000 1.000000 1.000000
1510.624634 0.000000 5547.822266 0.000000 0.000000 0.000000 1.000000 1.000000 1.000000 1.000000
1432.578003 0.000000 5498.137207 0.000000 0.000000 0.000000 1.000000 1.000000 1.000000 1.000000
1640.322876 0.000000 5478.364258 0.000000 0.884579 0.000000 0.466390 1.000000 1.000000 1.000000
1781.182373 0.000000 5351.737793 0.000000 0.000000 0.000000 1.000000 1.000000 1.000000 1.000000
1491.136108 0.000000 5655.785645 0.000000 0.000000 0.000000 1.000000 1.000000 1.000000 1.000000
1576.839722 0.000000 5751.928711 0.000000 0.000000 0.000000 1.000000 1.000000 1.000000 1.000000
1411.047852 0.000000 5542.051758 0.000000 0.000000 0.000000 1.000000 1.000000 1.000000 1.000000
1345.559692 0.000000 5451.274414 0.000000 0.000000 0.000000 1.000000 1.000000 1.000000 1.000000
1818.286743 0.000000 5394.500488 0.000000 -0.553875 0.000000 0.832600 1.000000 1.000000 1.000000
1329.677979 0.000000 3932.572266 0.000000 0.000000 0.000000 1.000000 1.000000 1.000000 1.000000
855.623657 0.000000 4893.799316 0.000000 0.850021 0.000000 0.526749 0.474701 0.474701 0.474701
858.172791 0.000000 4894.745117 0.000000 -0.979734 0.000000 0.200302 0.545558 0.545558 0.545558
858.365173 0.000000 4898.072266 0.000000 -0.328277 0.000000 -0.944581 0.474701 0.474701 0.474701
855.945740 0.000000 4899.979980 0.000000 -0.245085 0.000000 0.969502 0.474701 0.474701 0.474701
852.724487 0.000000 4898.352051 0.000000 -0.012934 0.000000 0.999916 0.546856 0.546856 0.546856
852.815491 0.000000 4895.213867 0.000000 -0.890468 0.000000 -0.455045 0.474701 0.474701 0.474701
1266.475952 0.000000 3400.103271 0.000000 0.000000 0.000000 1.000000 0.438745 0.438745 0.438745
1400.846436 0.000000 4493.575195 0.000000 0.000000 0.000000 1.000000 1.000000 1.000000 1.000000
1453.915039 0.000000 4542.144531 0.000000 0.000000 0.000000 1.000000 1.000000 1.000000 1.000000
1329.543213 0.000000 4530.600586 0.000000 0.000000 0.000000 1.000000 1.000000 1.000000 1.000000
1296.599243 0.000000 4602.362305 0.000000 0.000000 0.000000 1.000000 1.000000 1.000000 1.000000
1312.939209 0.000000 4661.354492 0.000000 0.000000 0.000000 1.000000 1.000000 1.000000 1.000000
1595.033813 0.000000 4669.422363 0.000000 0.000000 0.000000 1.000000 1.000000 1.000000 1.000000
1163.760864 0.000000 4653.580078 0.000000 0.000000 0.000000 1.000000 1.000000 1.000000 1.000000
1160.375488 0.000000 4752.226562 0.000000 0.000000 0.000000 1.000000 1.000000 1.000000 1.000000
1294.545776 0.000000 4862.536133 0.000000 0.000000 0.000000 1.000000 1.000000 1.000000 1.000000
952.126709 0.000000 4763.383789 0.000000 0.000000 0.000000 1.000000 1.000000 1.000000 1.000000
891.644104 0.000000 4827.833496 0.000000 0.000000 0.000000 1.000000 1.000000 1.000000 1.000000
1102.255249 0.000000 4615.413574 0.000000 0.000000 0.000000 1.000000 1.000000 1.000000 1.000000
1542.018066 0.000000 3250.350342 0.000000 0.000000 0.000000 1.000000 0.799269 0.799269 0.799269
1550.094971 0.000000 3256.300049 0.000000 0.000000 0.000000 1.000000 0.799269 0.799269 0.799269
1556.544312 0.000000 3256.010010 0.000000 0.000000 0.000000 1.000000 0.799269 0.799269 0.799269
1346.143311 0.000000 4699.791992 0.000000 0.941357 0.000000 -0.337412 0.937610 0.937610 0.937610
1551.219482 0.000000 4335.574707 0.000000 0.000000 0.000000 1.000000 1.145587 1.145587 1.145587
"}
