object={
	name="Coast Splash"
	render_pass=MapUnderWater
	clamp_to_water_level=yes
	generated_content=no
	layer="coast_foam_layer"
	entity="env_wave_splash"
	count=27
	transform="1534.652588 2.147461 5645.754395 0.000000 0.000000 0.000000 1.000000 1.000000 1.000000 1.000000
1531.327393 2.147461 5638.657715 0.000000 0.000000 0.000000 1.000000 1.000000 1.000000 1.000000
1535.891113 0.000000 5636.873535 0.000000 0.000000 0.000000 1.000000 1.000000 1.000000 1.000000
992.582947 1.534668 5500.272461 0.000000 0.000000 0.000000 1.000000 0.686030 0.686030 0.686030
980.274841 1.382812 5497.937988 0.000000 0.856617 0.000000 -0.515953 0.709127 0.709127 0.709127
978.395813 1.382812 5501.795410 0.000000 0.856617 0.000000 -0.515953 0.307910 0.307910 0.307910
984.295654 1.382812 5507.007812 0.000000 0.856617 0.000000 -0.515953 1.000000 1.000000 1.000000
986.638245 1.382812 5505.094238 0.000000 0.000000 0.000000 1.000000 1.000000 1.000000 1.000000
925.921570 0.640625 5380.866211 0.000000 0.000000 0.000000 1.000000 0.393018 0.393018 0.393018
926.160461 0.640625 5382.273926 0.000000 0.000000 0.000000 1.000000 1.000000 1.000000 1.000000
866.828613 1.655273 5308.397949 0.000000 0.000000 0.000000 1.000000 1.507031 1.507031 1.507031
1256.264038 1.890625 5949.066406 0.000000 0.000000 0.000000 1.000000 2.631190 2.631190 2.631190
1190.416870 2.730469 5932.145020 0.000000 0.000000 0.000000 1.000000 1.216207 1.216207 1.216207
1209.869629 2.730469 5985.939453 0.000000 0.000000 0.000000 1.000000 0.821631 0.821631 0.821631
1206.745239 2.730469 5990.277832 0.000000 0.000000 0.000000 1.000000 1.550732 1.550732 1.550732
1181.341431 2.730469 5937.827637 0.000000 0.000000 0.000000 1.000000 1.550732 1.550732 1.550732
1148.735718 2.730469 5996.014648 0.000000 0.000000 0.000000 1.000000 1.550732 1.550732 1.550732
1124.486328 1.149902 5957.407227 0.000000 0.000000 0.000000 1.000000 1.550732 1.550732 1.550732
1356.225220 2.366699 4755.069336 0.000000 0.000000 0.000000 1.000000 2.007910 2.007910 2.007910
1358.325806 2.366699 4742.865234 0.000000 0.000000 0.000000 1.000000 2.007910 2.007910 2.007910
1342.645752 1.835938 4757.740723 0.000000 0.000000 0.000000 1.000000 1.261730 1.261730 1.261730
606.870728 1.693359 3065.212158 0.000000 0.990872 0.000000 0.134807 1.854892 1.854892 1.854892
614.087646 1.693359 3066.975830 0.000000 0.990872 0.000000 0.134807 1.854892 1.854892 1.854892
626.930176 1.749512 3074.027832 0.000000 0.990872 0.000000 0.134807 1.123462 1.123462 1.123462
626.416443 2.045410 3080.531006 0.000000 0.990872 0.000000 0.134807 1.885324 1.885324 1.885324
1407.479370 3.337524 2001.083008 0.000000 0.000000 0.000000 1.000000 1.897732 1.897732 1.897732
2533.675781 1.658203 2602.699707 0.000000 0.000000 0.000000 1.000000 1.000000 1.000000 1.000000
"}
object={
	name="coast waves"
	render_pass=Map
	clamp_to_water_level=no
	generated_content=no
	layer="coast_foam_layer"
	entity="env_wave_foam"
	count=0
}
object={
	name="env_sea_fog_large"
	render_pass=Map
	clamp_to_water_level=no
	generated_content=no
	layer="env_effect_mountains_layer"
	entity="env_wave_foam"
	count=1
	transform="3683.489990 12.448730 4584.495605 0.000000 0.000000 0.000000 1.000000 4.728944 4.728944 4.728944
"}
object={
	name="Wave Test"
	render_pass=Map
	clamp_to_water_level=no
	generated_content=no
	layer="coast_foam_layer"
	entity="waterfall_bottom"
	count=0
}
object={
	name="Whales"
	render_pass=Map
	clamp_to_water_level=no
	generated_content=no
	layer="AGOT_animal_layer"
	entity="whale_entity"
	count=60
	transform="2246.291016 4.763672 5153.826172 0.000000 0.000000 0.000000 1.000000 1.000000 1.000000 1.000000
2501.388916 0.000000 5243.523438 0.000000 0.000000 0.000000 1.000000 1.000000 1.000000 1.000000
2250.945068 4.866211 4996.592285 0.000000 0.000000 0.000000 1.000000 1.000000 1.000000 1.000000
2265.721436 5.014648 4819.728027 0.000000 0.000000 0.000000 1.000000 1.000000 1.000000 1.000000
2567.890869 5.047851 5322.195312 0.000000 -0.491876 0.000000 -0.870665 4.259717 4.259717 4.259717
788.941711 3.413330 3395.948242 0.000000 0.000000 0.000000 1.000000 1.000000 1.000000 1.000000
2073.919922 4.714844 2615.491455 0.000000 0.399845 0.000000 0.916583 1.000000 1.000000 1.000000
303.482727 5.115967 4050.463623 0.000000 -0.431237 0.000000 0.902239 1.000000 1.000000 1.000000
2040.239136 4.187012 2196.679199 -0.000000 0.501218 0.000000 0.865321 1.000000 1.000000 1.000000
2234.333252 4.038696 2014.929443 0.000000 -0.760118 0.000000 -0.649785 1.000000 1.000000 1.000000
2064.614014 3.862305 1891.780151 0.000000 0.046812 0.000000 -0.998904 1.000000 1.000000 1.000000
1646.805420 4.820679 1871.033691 0.000000 0.858274 0.000000 -0.513192 1.000000 1.000000 1.000000
1281.862183 4.568481 1813.301758 0.000000 0.953917 0.000000 -0.300071 1.000000 1.000000 1.000000
1081.127930 3.338867 1829.696899 0.000000 0.844688 0.000000 -0.535258 1.000000 1.000000 1.000000
971.352661 1.413574 1975.392578 0.000000 0.633560 0.000000 0.773693 1.000000 1.000000 1.000000
858.303955 4.196044 1923.638550 0.000000 0.927166 0.000000 0.374651 1.000000 1.000000 1.000000
627.537476 4.515381 2117.099121 0.000000 -0.991724 0.000000 0.128387 1.000000 1.000000 1.000000
716.141846 2.402344 2511.971924 0.000000 0.013621 0.000000 0.999907 1.000000 1.000000 1.000000
644.092773 5.249023 2696.516846 0.000000 -0.769270 -0.000000 -0.638924 1.000000 1.000000 1.000000
522.402222 4.013916 3458.568359 0.000000 -0.431237 0.000000 0.902239 1.000000 1.000000 1.000000
686.118469 4.259033 3423.230469 0.000000 -0.431237 0.000000 0.902239 1.000000 1.000000 1.000000
897.401489 3.635010 3753.156738 0.000000 0.554155 0.000000 0.832414 1.000000 1.000000 1.000000
727.588806 5.004395 3729.357422 0.000000 -0.431237 0.000000 0.902239 1.000000 1.000000 1.000000
557.144470 3.871583 3546.937500 0.000000 -0.431237 0.000000 0.902239 1.000000 1.000000 1.000000
193.118591 -1.936523 3629.724121 0.000000 -0.431237 0.000000 0.902239 1.000000 1.000000 1.000000
539.828857 5.108398 3891.297119 0.000000 -0.431237 0.000000 0.902239 1.000000 1.000000 1.000000
771.315369 3.709961 4092.602783 0.000000 0.996426 0.000000 -0.084475 1.000000 1.000000 1.000000
681.710388 5.130615 4161.721680 0.000000 -0.997086 0.000000 -0.076290 1.000000 1.000000 1.000000
358.757507 5.115967 4215.741699 0.000000 -0.610135 0.000000 0.792297 1.000000 1.000000 1.000000
511.421967 2.894287 4354.788086 0.000000 -0.610135 0.000000 0.792297 1.000000 1.000000 1.000000
553.141479 2.178466 4541.484863 0.000000 -0.610135 0.000000 0.792297 1.000000 1.000000 1.000000
462.248047 4.826904 4646.355469 0.000000 0.942311 0.000000 0.334738 1.000000 1.000000 1.000000
743.008606 2.622803 4634.628418 0.000000 0.942311 0.000000 0.334738 1.000000 1.000000 1.000000
794.726746 0.915771 4842.243652 0.000000 -0.094655 0.000000 -0.995510 1.000000 1.000000 1.000000
991.321411 3.701416 4896.493164 0.000000 0.918335 0.000000 -0.395805 1.000000 1.000000 1.000000
1091.792480 5.109619 4984.859863 0.000000 0.918335 0.000000 -0.395805 1.000000 1.000000 1.000000
1257.118774 4.297607 5179.300781 0.000000 -0.709884 0.000000 0.704319 1.000000 1.000000 1.000000
1141.028076 2.727294 5221.341797 0.000000 0.211838 -0.000000 -0.977305 1.000000 1.000000 1.000000
611.511475 4.097900 5638.593262 0.000000 -0.632318 0.000000 0.774709 1.000000 1.000000 1.000000
397.988892 1.491943 5862.874023 0.000000 -0.850808 0.000000 -0.525477 1.000000 1.000000 1.000000
1951.038696 4.987061 5508.546875 0.000000 -0.666109 0.000000 -0.745854 1.000000 1.000000 1.000000
1706.527222 5.115967 5747.001465 0.000000 -0.666109 0.000000 -0.745854 1.000000 1.000000 1.000000
1748.332886 5.115967 5520.546387 0.000000 -0.420377 0.000000 -0.907350 1.000000 1.000000 1.000000
2146.719482 5.115967 5407.211426 0.000000 -0.989149 0.000000 0.146914 1.000000 1.000000 1.000000
1864.240234 5.115967 5280.193359 0.000000 -0.317267 0.000000 0.948336 1.000000 1.000000 1.000000
1996.340698 5.115967 5093.374023 0.000000 -0.317267 0.000000 0.948336 1.000000 1.000000 1.000000
1568.918213 5.079834 4029.032715 0.000000 -0.317267 0.000000 0.948336 1.000000 1.000000 1.000000
2177.242676 5.115967 4613.189453 0.000000 0.995093 0.000000 -0.098947 1.000000 1.000000 1.000000
1931.970825 5.115967 4117.720703 0.000000 -0.228605 0.000000 -0.973519 1.000000 1.000000 1.000000
2290.683350 4.977783 3747.940430 0.000000 -0.228605 0.000000 -0.973519 1.000000 1.000000 1.000000
2132.384277 2.202881 3165.778564 0.000000 0.000000 0.000000 1.000000 1.000000 1.000000 1.000000
2339.272461 4.925293 2601.017090 0.000000 0.000000 0.000000 1.000000 1.000000 1.000000 1.000000
2000.679565 3.874512 2260.873535 0.000000 0.000000 0.000000 1.000000 1.000000 1.000000 1.000000
1693.086792 4.210205 2321.813721 0.000000 0.000000 0.000000 1.000000 1.000000 1.000000 1.000000
1936.444824 4.662354 3030.329590 0.000000 0.000000 0.000000 1.000000 1.000000 1.000000 1.000000
694.209412 5.084106 1363.043701 0.000000 -0.551588 0.000000 -0.834117 2.952759 2.952759 2.952759
525.645508 4.895875 2027.636475 0.000000 -0.551588 0.000000 -0.834117 1.000000 1.000000 1.000000
570.210815 4.539063 1902.807617 0.000000 0.000000 0.000000 1.000000 1.000000 1.000000 1.000000
692.226990 3.767213 1863.512817 0.000000 0.000000 0.000000 1.000000 1.000000 1.000000 1.000000
2663.431152 4.916138 1917.668823 0.000000 0.000000 0.000000 1.000000 1.000000 1.000000 1.000000
"}
