object={
	name="Bridge_Wood"
	render_pass=MapUnderWater
	clamp_to_water_level=no
	generated_content=no
	layer="AGOT_roads"
	pdxmesh="bridge_01_mesh"
	count=17
	transform="1528.209229 -0.422363 4886.279297 0.000000 0.286587 0.000000 0.958054 1.000000 1.000000 1.000000
1556.595337 -0.422363 4919.884766 0.000000 0.286587 0.000000 0.958054 1.000000 1.000000 1.000000
1579.578735 4.187500 4960.978027 0.000000 0.413086 0.000000 0.910692 1.000000 1.000000 1.000000
1630.493042 -0.337402 5017.549316 0.000000 -0.102988 -0.000000 -0.994683 1.000000 1.000000 1.000000
1871.180054 -0.144531 4831.463867 0.000000 0.617594 0.000000 0.786497 1.000000 1.000000 1.000000
1550.485596 0.150391 4714.436523 0.000000 -0.662603 0.000000 0.748971 1.000000 1.000000 1.000000
1668.543335 0.150391 4963.409668 0.000000 -0.433410 0.000000 0.901197 1.000000 1.000000 1.000000
1494.540771 1.778809 4558.801270 0.000000 -0.554942 0.000000 -0.831889 1.126416 1.126416 1.126416
1005.348206 -0.077148 4356.121582 0.000000 -0.754732 0.000000 -0.656033 1.000000 1.000000 1.000000
1085.472778 -0.077148 4299.460449 0.000000 -0.644092 -0.000000 -0.764948 1.000000 1.000000 1.000000
1451.294434 0.322754 4483.630371 0.000000 -0.734680 0.000000 0.678413 1.221582 1.221582 1.221582
1401.001587 -0.134277 4553.369629 0.000000 -0.851258 0.000000 -0.524747 1.000000 1.000000 1.000000
1191.399536 -0.541992 4521.206543 0.000000 -0.537877 0.000000 0.843023 1.000000 1.000000 1.000000
1516.938232 -0.101074 4399.564941 0.000000 0.897281 0.000000 0.441460 1.000000 1.000000 1.000000
1957.029785 0.000000 4872.637207 0.000000 -0.775070 0.000000 0.631876 1.000000 1.000000 1.000000
1383.507935 0.000000 4565.366699 0.000000 -0.126234 0.000000 0.992000 1.000000 1.000000 1.000000
797.022034 0.218506 2236.560303 0.000000 0.000000 0.000000 1.000000 0.553876 0.553876 0.553876
"}
