object={
	name="cliff coastline 03"
	render_pass=MapUnderWater
	clamp_to_water_level=no
	generated_content=no
	layer="temp_layer"
	pdxmesh="cliff_coastline_03_mesh"
	count=381
	transform="1491.343384 0.000000 4711.864746 0.000000 0.604700 0.000000 -0.796454 0.677197 0.677197 0.677197
1407.014282 0.000000 4635.878418 0.000000 -0.173367 0.000000 -0.984857 0.568012 0.568012 0.568012
1406.484131 0.000000 4684.069824 0.000000 0.992448 0.000000 -0.122668 0.677197 0.677197 0.677197
1511.655640 0.000000 4795.177246 0.000000 0.964570 0.000000 -0.263827 0.677197 0.677197 0.677197
1463.176392 0.000000 4807.660645 0.000000 -0.492505 0.000000 0.870310 0.677197 0.677197 0.677197
1399.718506 0.000000 4613.387207 0.000000 -0.510186 0.000000 -0.860064 0.677197 0.677197 0.677197
1473.275391 0.000000 4751.702148 0.000000 0.882828 0.000000 -0.469696 0.677197 0.677197 0.677197
1471.238647 0.000000 4693.691406 0.000000 0.000000 0.000000 1.000000 0.677197 0.677197 0.677197
1960.021606 -0.192138 2602.186768 0.000000 0.637397 0.000000 0.770536 0.659165 0.659165 0.659165
1955.499878 -0.192138 2603.409668 0.000000 -0.814996 0.000000 -0.579466 0.659165 0.659165 0.659165
1952.990234 -0.192138 2597.138184 0.000000 0.996722 0.000000 -0.080898 0.659165 0.659165 0.659165
1949.330200 -0.192138 2596.804443 0.000000 -0.946586 0.000000 0.322451 0.659165 0.659165 0.659165
1957.451416 -0.181885 2622.249512 0.000000 0.463488 0.000000 0.886103 0.536938 0.536938 0.536938
1954.820068 -0.181885 2624.678223 0.000000 0.826367 0.000000 -0.563131 0.536938 0.536938 0.536938
1783.787476 0.500245 2937.744873 0.000000 0.637397 0.000000 0.770536 0.659165 0.659165 0.659165
1779.265747 0.500245 2938.967773 0.000000 -0.814996 0.000000 -0.579466 0.659165 0.659165 0.659165
1776.756104 0.500245 2932.696289 0.000000 0.996722 0.000000 -0.080898 0.659165 0.659165 0.659165
1950.512695 -0.181885 2620.852051 0.000000 0.292624 0.000000 -0.956228 0.536938 0.536938 0.536938
1945.728760 -0.181885 2603.309570 0.000000 0.600995 0.000000 -0.799253 0.536938 0.536938 0.536938
1947.590332 -0.181885 2621.984375 0.000000 0.115628 0.000000 0.993293 0.536938 0.536938 0.536938
1946.040283 0.298584 2608.829590 0.000000 0.983238 0.000000 0.182323 0.536938 0.536938 0.536938
1949.355103 0.298584 2608.017334 0.000000 -0.417613 0.000000 -0.908625 0.536938 0.536938 0.536938
1951.664307 0.298584 2613.225098 0.000000 -0.525304 0.000000 0.850914 0.536938 0.536938 0.536938
1954.507446 0.298584 2613.770020 0.000000 -0.947584 0.000000 -0.319506 0.536938 0.536938 0.536938
1997.204224 -0.192138 2603.896973 0.000000 0.637397 0.000000 0.770536 0.659165 0.659165 0.659165
1992.682495 -0.192138 2605.119873 0.000000 -0.814996 0.000000 -0.579466 0.659165 0.659165 0.659165
1990.172852 -0.192138 2598.848389 0.000000 0.996722 0.000000 -0.080898 0.659165 0.659165 0.659165
1986.512817 -0.192138 2598.514648 0.000000 -0.946586 0.000000 0.322451 0.659165 0.659165 0.659165
1994.634033 -0.181885 2623.959717 0.000000 0.463488 0.000000 0.886103 0.536938 0.536938 0.536938
1992.002686 -0.181885 2626.388428 0.000000 0.826367 0.000000 -0.563131 0.536938 0.536938 0.536938
1987.695312 -0.181885 2622.562256 0.000000 0.292624 0.000000 -0.956228 0.536938 0.536938 0.536938
1982.911377 -0.181885 2605.019775 0.000000 0.600995 0.000000 -0.799253 0.536938 0.536938 0.536938
1984.772949 -0.181885 2623.694580 0.000000 0.115628 0.000000 0.993293 0.536938 0.536938 0.536938
1983.222900 0.298584 2610.539795 0.000000 0.983238 0.000000 0.182323 0.536938 0.536938 0.536938
1986.537720 0.298584 2609.727539 0.000000 -0.417613 0.000000 -0.908625 0.536938 0.536938 0.536938
1988.846924 0.298584 2614.935303 0.000000 -0.525304 0.000000 0.850914 0.536938 0.536938 0.536938
1991.690063 0.298584 2615.480225 0.000000 -0.947584 0.000000 -0.319506 0.536938 0.536938 0.536938
1969.797852 1.076661 2616.093262 0.000000 -0.983564 0.000000 0.180561 0.659165 0.659165 0.659165
1971.697144 1.076661 2611.787354 0.000000 0.055847 0.000000 -0.998439 0.659165 0.659165 0.659165
1978.324951 1.076661 2613.515137 0.000000 -0.257073 0.000000 -0.966392 0.659165 0.659165 0.659165
1980.823730 1.076661 2610.758057 0.000000 0.051092 0.000000 0.998694 0.659165 0.659165 0.659165
1955.527954 1.086914 2601.667725 -0.000000 -0.920137 0.000000 0.391597 0.536938 0.536938 0.536938
1955.397949 1.086914 2597.901123 0.000000 -0.164187 0.000000 -0.986429 0.536938 0.536938 0.536938
1960.902100 1.086914 2596.873779 0.000000 -0.462491 0.000000 -0.886624 0.536938 0.536938 0.536938
1977.756958 1.086914 2603.856689 0.000000 0.268585 0.000000 0.963256 0.536938 0.536938 0.536938
1961.767334 1.086914 2593.969727 0.000000 0.268585 0.000000 0.963256 0.536938 0.536938 0.536938
1973.331787 1.567383 2600.907227 0.000000 0.334369 -0.000000 -0.942442 0.536938 0.536938 0.536938
1971.720703 1.567383 2604.028809 0.000000 0.170509 0.000000 -0.985356 0.536938 0.536938 0.536938
1966.264648 1.567383 2602.440918 0.000000 0.212113 0.000000 -0.977245 0.536938 0.536938 0.536938
1964.204102 1.567383 2604.572021 0.000000 0.784175 0.000000 0.620539 0.536938 0.536938 0.536938
1899.196777 -0.280273 2454.635742 0.000000 -0.983564 0.000000 0.180561 0.659165 0.659165 0.659165
1901.096069 -0.280273 2450.329834 0.000000 0.055847 0.000000 -0.998439 0.659165 0.659165 0.659165
1907.723877 -0.280273 2452.057617 0.000000 -0.257073 0.000000 -0.966392 0.659165 0.659165 0.659165
1910.222656 -0.280273 2449.300537 0.000000 0.051092 0.000000 0.998694 0.659165 0.659165 0.659165
1884.926880 -0.270020 2440.210205 -0.000000 -0.920137 0.000000 0.391597 0.536938 0.536938 0.536938
1884.796875 -0.270020 2436.443604 0.000000 -0.164187 0.000000 -0.986429 0.536938 0.536938 0.536938
1890.301025 -0.270020 2435.416260 0.000000 -0.462491 0.000000 -0.886624 0.536938 0.536938 0.536938
1907.155884 -0.270020 2442.399170 0.000000 0.268585 0.000000 0.963256 0.536938 0.536938 0.536938
1891.166260 -0.270020 2432.512207 0.000000 0.268585 0.000000 0.963256 0.536938 0.536938 0.536938
1902.730713 0.210449 2439.449707 0.000000 0.334369 -0.000000 -0.942442 0.536938 0.536938 0.536938
1901.119629 0.210449 2442.571289 0.000000 0.170509 0.000000 -0.985356 0.536938 0.536938 0.536938
1895.663574 0.210449 2440.983398 0.000000 0.212113 0.000000 -0.977245 0.536938 0.536938 0.536938
1893.603027 0.210449 2443.114502 0.000000 0.784175 0.000000 0.620539 0.536938 0.536938 0.536938
1982.059448 0.210449 2439.823486 0.000000 -0.632278 0.000000 0.774742 0.536938 0.536938 0.536938
1982.528320 0.210449 2443.377930 0.000000 0.864732 0.000000 0.502234 0.536938 0.536938 0.536938
1977.131714 0.210449 2445.102295 0.000000 0.972373 0.000000 0.233433 0.536938 0.536938 0.536938
1976.583984 0.210449 2448.057373 0.000000 -0.635298 0.000000 -0.772267 0.536938 0.536938 0.536938
1370.004883 -0.044189 3605.803711 0.000000 0.887590 0.000000 -0.460634 0.263814 0.263814 0.263814
1370.001343 -0.044189 3607.066650 0.000000 0.881510 0.000000 -0.472166 0.263814 0.263814 0.263814
1365.591187 -0.044189 3613.462402 0.000000 -0.704984 0.000000 0.709224 0.263814 0.263814 0.263814
1369.191040 -0.044189 3607.081787 0.000000 0.733445 0.000000 0.679748 0.263814 0.263814 0.263814
1366.337036 -0.044189 3614.481445 0.000000 0.420310 0.000000 -0.907381 0.263814 0.263814 0.263814
1365.720703 -0.044189 3615.006592 0.000000 -0.008158 0.000000 -0.999967 0.263814 0.263814 0.263814
1335.956299 -0.044189 3629.988770 0.000000 -0.704984 0.000000 0.709224 0.263814 0.263814 0.263814
1336.702148 -0.044189 3631.007812 0.000000 0.420310 0.000000 -0.907381 0.263814 0.263814 0.263814
1339.228760 -0.044189 3652.025391 0.000000 -0.911029 0.000000 0.412342 0.263814 0.263814 0.263814
1336.085815 -0.044189 3631.532959 0.000000 -0.008158 0.000000 -0.999967 0.263814 0.263814 0.263814
1339.974609 -0.044189 3653.044434 0.000000 0.715375 0.000000 -0.698741 0.263814 0.263814 0.263814
1322.682495 -0.044189 3665.726318 0.000000 0.929683 0.000000 0.368360 0.263814 0.263814 0.263814
1339.358276 -0.044189 3653.569580 0.000000 0.347791 -0.000000 -0.937572 0.263814 0.263814 0.263814
1321.606201 -0.044189 3666.449951 0.000000 -0.999590 0.000000 -0.028627 0.263814 0.263814 0.263814
1321.084229 -0.044189 3665.855957 0.000000 -0.915795 0.000000 0.401647 0.263814 0.263814 0.263814
1286.606079 -0.044189 3664.348389 0.000000 0.605267 0.000000 0.796022 0.263814 0.263814 0.263814
1287.480713 -0.044189 3665.422119 0.000000 -0.399037 0.000000 0.916935 0.263814 0.263814 0.263814
1286.415771 -0.044189 3647.022217 0.000000 0.605267 0.000000 0.796022 0.263814 0.263814 0.263814
1286.932373 -0.044189 3666.114014 0.000000 -0.991164 0.000000 0.132642 0.263814 0.263814 0.263814
1287.290405 -0.044189 3648.095947 0.000000 -0.399037 0.000000 0.916935 0.263814 0.263814 0.263814
1041.030396 -0.044189 2542.456787 0.000000 0.506546 0.000000 -0.862213 0.263814 0.263814 0.263814
1286.742065 -0.044189 3648.787842 0.000000 -0.991164 0.000000 0.132642 0.263814 0.263814 0.263814
1041.905029 -0.044189 2543.530518 0.000000 0.717017 0.000000 -0.697056 0.263814 0.263814 0.263814
1044.632568 -0.044189 2547.886475 0.000000 0.771946 0.000000 0.635688 0.263814 0.263814 0.263814
1045.350342 -0.044189 2543.287842 0.000000 0.000000 0.000000 1.000000 0.263814 0.263814 0.263814
1339.581787 0.000000 3381.346191 0.000000 -0.624827 0.000000 -0.780763 0.198366 0.198366 0.198366
1339.070923 0.000000 3382.550293 0.000000 -0.988564 0.000000 0.150799 0.198366 0.198366 0.198366
1338.560913 0.000000 3383.872314 0.000000 0.957755 0.000000 -0.287585 0.198366 0.198366 0.198366
1339.102051 0.000000 3384.999756 0.000000 0.181304 0.000000 0.983427 0.198366 0.198366 0.198366
1340.191040 0.000000 3385.867188 0.000000 0.963080 0.000000 0.269215 0.198366 0.198366 0.198366
1341.008789 0.000000 3387.938721 0.000000 0.506669 0.000000 -0.862140 0.198366 0.198366 0.198366
1334.754517 0.000000 3409.266113 0.000000 0.208168 0.000000 0.978093 0.198366 0.198366 0.198366
1333.612305 0.000000 3407.602051 0.000000 0.997314 0.000000 -0.073242 0.198366 0.198366 0.198366
1343.564453 -0.145264 3412.389160 0.000000 -0.851933 0.000000 -0.523651 0.198366 0.198366 0.198366
1343.671997 -0.145264 3410.177979 0.000000 0.451354 0.000000 0.892345 0.198366 0.198366 0.198366
1337.152954 0.000000 3412.016846 0.000000 -0.858769 0.000000 0.512363 0.198366 0.198366 0.198366
1345.250366 -0.145264 3410.474854 0.000000 0.234343 0.000000 0.972154 0.198366 0.198366 0.198366
1344.521851 -0.145264 3410.026611 0.000000 0.370914 0.000000 -0.928667 0.198366 0.198366 0.198366
1344.312622 -0.145264 3412.384277 0.000000 -0.802442 0.000000 0.596730 0.198366 0.198366 0.198366
1337.089111 0.000000 3412.114746 0.000000 0.999910 0.000000 0.013448 0.198366 0.198366 0.198366
1337.503540 0.000000 3393.165527 0.000000 0.935834 0.000000 0.352442 0.198366 0.198366 0.198366
1335.949707 0.000000 3410.304199 0.000000 0.970092 0.000000 0.242739 0.198366 0.198366 0.198366
1336.612305 0.000000 3411.527344 0.000000 -0.651130 0.000000 -0.758966 0.198366 0.198366 0.198366
1336.652954 0.000000 3411.374023 0.000000 0.157037 0.000000 0.987593 0.198366 0.198366 0.198366
1332.143311 0.000000 3404.385742 0.000000 0.390836 0.000000 0.920460 0.198366 0.198366 0.198366
1334.352783 0.000000 3408.761963 0.000000 -0.972034 0.000000 0.234841 0.198366 0.198366 0.198366
1332.176270 0.000000 3404.353027 0.000000 0.149282 0.000000 -0.988795 0.198366 0.198366 0.198366
1340.262451 0.000000 3389.095215 0.000000 -0.551857 0.000000 -0.833939 0.198366 0.198366 0.198366
1332.754883 0.000000 3406.400391 0.000000 0.372389 0.000000 -0.928077 0.198366 0.198366 0.198366
1332.401489 0.000000 3404.980469 0.000000 -0.840453 0.000000 0.541885 0.198366 0.198366 0.198366
1332.358032 0.000000 3405.057373 0.000000 0.999773 0.000000 -0.021294 0.198366 0.198366 0.198366
1339.038818 0.000000 3389.990967 -0.000000 -0.031941 0.000000 0.999490 0.198366 0.198366 0.198366
1333.939209 0.000000 3408.306885 0.000000 0.100491 0.000000 0.994938 0.198366 0.198366 0.198366
1339.066772 0.000000 3390.009766 0.000000 0.550806 0.000000 -0.834633 0.198366 0.198366 0.198366
1340.870728 0.000000 3387.216309 -0.000000 0.129932 0.000000 0.991523 0.198366 0.198366 0.198366
1337.869995 0.000000 3391.774902 0.000000 0.727773 0.000000 -0.685818 0.198366 0.198366 0.198366
1338.708374 0.000000 3390.565186 0.000000 -0.990329 0.000000 0.138742 0.198366 0.198366 0.198366
1338.633789 0.000000 3390.561523 0.000000 0.916245 0.000000 0.400618 0.198366 0.198366 0.198366
1336.769775 0.000000 3395.358643 0.000000 0.878204 0.000000 0.478286 0.198366 0.198366 0.198366
1337.203735 0.000000 3393.908447 0.000000 -0.326715 0.000000 0.945123 0.198366 0.198366 0.198366
1340.821899 0.000000 3378.595703 0.000000 0.935067 0.000000 -0.354472 0.198366 0.198366 0.198366
1340.145752 0.000000 3380.007324 0.000000 0.564308 0.000000 -0.825565 0.198366 0.198366 0.198366
1335.931763 0.000000 3397.435059 0.000000 -0.667518 0.000000 0.744594 0.198366 0.198366 0.198366
1335.112671 0.000000 3398.686523 0.000000 -0.946293 0.000000 0.323310 0.198366 0.198366 0.198366
1332.421631 0.000000 3402.892578 0.000000 0.025718 0.000000 -0.999669 0.198366 0.198366 0.198366
1332.448853 0.000000 3402.283936 0.000000 -0.995758 0.000000 -0.092015 0.198366 0.198366 0.198366
1334.297974 0.000000 3400.012207 0.000000 -0.932072 0.000000 -0.362274 0.198366 0.198366 0.198366
1333.733887 0.000000 3400.505371 0.000000 0.914420 0.000000 0.404768 0.198366 0.198366 0.198366
1043.690430 -0.570312 5055.458008 0.000000 -0.999891 0.000000 0.014762 0.424902 0.424902 0.424902
1046.010254 -0.232910 5058.385742 0.000000 -0.934066 0.000000 0.357101 0.424902 0.424902 0.424902
1040.154785 -0.673340 5055.033203 0.000000 0.000000 0.000000 1.000000 0.424902 0.424902 0.424902
1033.087646 0.000000 5064.193848 0.000000 -0.979183 0.000000 -0.202980 0.364476 0.364476 0.364476
1029.930664 0.000000 5066.222656 0.000000 0.081206 0.000000 -0.996697 0.364476 0.364476 0.364476
1058.556641 0.000000 5040.687012 0.000000 0.968192 0.000000 -0.250208 0.364476 0.364476 0.364476
1054.811768 0.000000 5045.754883 0.000000 0.350251 0.000000 -0.936656 0.364476 0.364476 0.364476
1070.875244 0.000000 5036.503418 0.000000 0.470203 0.000000 0.882558 0.364476 0.364476 0.364476
1070.364502 0.000000 5043.673340 0.000000 0.769571 0.000000 -0.638562 0.364476 0.364476 0.364476
1071.553223 0.000000 5040.686035 0.000000 -0.369345 0.000000 -0.929293 0.364476 0.364476 0.364476
1046.350342 0.000000 5036.319336 0.000000 -0.369345 0.000000 -0.929293 0.624902 0.624902 0.624902
2007.855957 0.851807 3713.759766 0.000000 0.158400 0.000000 -0.987375 0.471956 0.471956 0.471956
2008.380005 0.184570 3712.846924 0.000000 0.948793 0.000000 -0.315897 0.471956 0.471956 0.471956
2006.483398 0.184570 3714.594238 0.000000 0.490399 0.000000 0.871498 0.471956 0.471956 0.471956
2005.615234 -0.615234 3714.106689 0.000000 -0.128855 0.000000 0.991663 0.574399 0.574399 0.574399
2005.488525 -1.114746 3713.354492 0.000000 -0.469338 0.000000 0.883019 0.574399 0.574399 0.574399
2007.215942 -1.114746 3715.328125 0.000000 -0.974301 0.000000 -0.225248 0.725415 0.725415 0.725415
2007.024536 -1.114746 3713.809082 0.000000 0.977420 0.000000 -0.211305 1.000000 1.000000 1.000000
2005.988647 0.000000 3711.179688 0.000000 0.987451 0.000000 0.157926 0.321109 0.321109 0.321109
2006.785278 0.000000 3710.726562 0.000000 0.743185 0.000000 -0.669086 0.572749 0.572749 0.572749
1175.610596 1.247559 5979.432129 0.000000 0.896546 0.000000 0.442951 0.184566 0.184566 0.184566
1311.860718 0.000000 5902.407715 -0.000000 -0.636076 0.000000 0.771626 0.299234 0.299234 0.299234
1311.653809 1.091797 5904.266113 0.000000 0.988559 0.000000 -0.150832 0.184566 0.184566 0.184566
1311.664307 0.701172 5904.279297 0.000000 0.387551 0.000000 0.921848 0.184566 0.184566 0.184566
1311.674927 0.000000 5904.254883 0.000000 0.803099 0.000000 0.595845 0.299234 0.299234 0.299234
1314.026611 -0.187988 5903.680176 0.000000 -0.945754 0.000000 -0.324884 0.265480 0.265480 0.265480
1313.170532 0.000000 5903.493164 0.000000 0.746724 0.000000 -0.665134 0.430420 0.430420 0.430420
1134.461426 0.000000 5959.067383 0.000000 -0.420173 0.000000 -0.907444 0.299234 0.299234 0.299234
1134.254517 1.091797 5960.925781 0.000000 0.343370 0.000000 0.939200 0.184566 0.184566 0.184566
1134.265015 0.701172 5960.938965 0.000000 -0.629143 -0.000000 -0.777290 0.184566 0.184566 0.184566
1134.275635 0.000000 5960.914551 0.000000 -0.228810 0.000000 -0.973471 0.299234 0.299234 0.299234
1254.897583 2.273438 5934.965332 0.000000 0.999049 0.000000 0.043591 0.175660 0.175660 0.175660
1254.856445 0.941406 5934.913574 0.000000 0.997009 0.000000 0.077280 0.265480 0.265480 0.265480
1254.867432 0.000000 5934.943848 0.000000 0.689011 0.000000 0.724751 0.430420 0.430420 0.430420
1135.760254 0.941406 5960.122559 0.000000 0.997009 0.000000 0.077280 0.265480 0.265480 0.265480
1135.771240 0.000000 5960.152832 0.000000 0.689011 0.000000 0.724751 0.430420 0.430420 0.430420
1175.633667 0.000000 5979.413086 0.000000 0.970452 0.000000 0.241296 0.299234 0.299234 0.299234
1145.795654 1.091797 6005.148438 0.000000 0.885841 0.000000 0.463989 0.184566 0.184566 0.184566
1145.795654 0.701172 6005.148438 0.000000 0.946054 0.000000 -0.324010 0.184566 0.184566 0.184566
1145.818726 0.000000 6005.129395 0.000000 -0.304328 0.000000 0.952567 0.299234 0.299234 0.299234
1162.098999 1.091797 6007.224609 0.000000 -0.311699 0.000000 -0.950181 0.184566 0.184566 0.184566
1162.098999 0.701172 6007.224609 0.000000 -0.859966 0.000000 -0.510352 0.184566 0.184566 0.184566
1162.122070 0.000000 6007.205566 0.000000 -0.956964 0.000000 0.290208 0.299234 0.299234 0.299234
1173.335571 1.091797 5982.099121 0.000000 0.896546 0.000000 0.442951 0.184566 0.184566 0.184566
1173.335571 0.701172 5982.099121 0.000000 -0.255010 0.000000 0.966938 0.184566 0.184566 0.184566
1173.358643 0.000000 5982.080078 0.000000 0.970452 0.000000 0.241296 0.299234 0.299234 0.299234
1174.483765 0.941406 5980.835938 0.000000 -0.904563 0.000000 -0.426339 0.265480 0.265480 0.265480
1174.483765 0.000000 5980.835938 0.000000 -0.544095 0.000000 0.839024 0.430420 0.430420 0.430420
2866.526855 0.000000 3093.734131 0.000000 0.895923 0.000000 0.444209 0.150457 0.150457 0.150457
2700.331787 0.000000 3363.741699 0.000000 0.751757 0.000000 -0.659440 0.396048 0.396048 0.396048
2611.241943 0.000000 3443.170166 0.000000 -0.999137 0.000000 -0.041530 0.396048 0.396048 0.396048
2808.046875 0.000000 3287.643066 0.000000 -0.999137 0.000000 -0.041530 0.396048 0.396048 0.396048
2861.694336 0.000000 3219.821777 0.000000 0.188499 0.000000 0.982073 0.396048 0.396048 0.396048
2853.152588 0.000000 3241.678711 0.000000 0.221451 0.000000 0.975172 0.396048 0.396048 0.396048
2657.400146 0.000000 3550.951660 0.000000 0.787908 0.000000 0.615792 0.396048 0.396048 0.396048
2673.583252 0.000000 3722.168945 0.000000 -0.995558 0.000000 -0.094153 0.396048 0.396048 0.396048
2715.258789 0.000000 3540.070801 0.000000 -0.026198 0.000000 -0.999657 0.396048 0.396048 0.396048
2647.862305 0.000000 3483.036133 0.000000 0.931731 0.000000 0.363149 0.396048 0.396048 0.396048
2728.686523 0.000000 3428.688721 0.000000 -0.731437 0.000000 -0.681909 0.396048 0.396048 0.396048
2685.584717 0.000000 3434.884277 0.000000 -0.000949 0.000000 1.000000 0.396048 0.396048 0.396048
2648.298584 0.000000 3507.487793 0.000000 -0.513852 0.000000 0.857879 0.396048 0.396048 0.396048
2832.657471 0.000000 3190.765137 0.000000 -0.586399 -0.000000 -0.810023 0.396048 0.396048 0.396048
2733.537354 0.000000 3420.198730 0.000000 0.911386 0.000000 0.411552 0.396048 0.396048 0.396048
2660.995361 0.000000 3433.976074 0.000000 -0.586399 -0.000000 -0.810023 0.396048 0.396048 0.396048
2763.015381 0.000000 3320.734375 0.000000 -0.586399 -0.000000 -0.810023 0.396048 0.396048 0.396048
2800.338379 0.000000 3176.973145 0.000000 -0.586399 -0.000000 -0.810023 0.396048 0.396048 0.396048
2858.364990 0.000000 3099.553955 0.000000 -0.767106 0.000000 0.641521 0.396048 0.396048 0.396048
2861.428711 0.000000 3089.128174 0.000000 0.354861 0.000000 0.934919 0.197786 0.197786 0.197786
2870.075195 0.000000 3086.499756 0.000000 -0.622840 0.000000 0.782350 0.292180 0.292180 0.292180
2712.445068 0.000000 3348.068604 0.000000 0.911419 0.000000 0.411480 0.175682 0.175682 0.175682
2700.068604 0.000000 3358.585693 0.000000 0.986360 0.000000 0.164600 0.462446 0.462446 0.462446
2874.933594 0.000000 3087.269287 0.000000 0.130638 0.000000 0.991430 0.182832 0.182832 0.182832
2607.258545 0.000000 3480.283447 0.000000 -0.878780 0.000000 -0.477226 0.462446 0.462446 0.462446
2797.135986 0.000000 3280.448730 0.000000 0.569796 0.000000 -0.821786 0.175682 0.175682 0.175682
2808.650146 0.000000 3282.502197 0.000000 -0.878780 0.000000 -0.477226 0.462446 0.462446 0.462446
2628.642578 0.000000 3574.699219 0.000000 0.993881 0.000000 -0.110455 0.462446 0.462446 0.462446
2621.727539 0.000000 3576.247559 0.000000 -0.999695 0.000000 -0.024672 0.230944 0.230944 0.230944
2890.678955 0.000000 3214.625488 0.000000 -0.930477 0.000000 -0.366350 0.175682 0.175682 0.175682
2641.489990 0.000000 3533.870850 0.000000 -0.424321 0.000000 0.905512 0.462446 0.462446 0.462446
2641.238037 0.000000 3538.710205 0.000000 -0.945455 0.000000 -0.325751 0.230944 0.230944 0.230944
2624.753174 0.000000 3726.351318 0.000000 -0.890130 0.000000 -0.455705 0.230944 0.230944 0.230944
2662.621826 0.000000 3550.186035 0.000000 -0.350715 0.000000 -0.936483 0.462446 0.462446 0.462446
2666.428711 0.000000 3544.253174 0.000000 -0.233030 0.000000 -0.972469 0.230944 0.230944 0.230944
2863.409424 0.000000 3224.785645 0.000000 -0.263184 0.000000 0.964746 0.462446 0.462446 0.462446
2668.889160 0.000000 3719.905762 0.000000 0.893520 0.000000 -0.449023 0.462446 0.462446 0.462446
2659.387939 0.000000 3736.750732 0.000000 0.878832 0.000000 0.477131 0.230944 0.230944 0.230944
2662.469238 0.000000 3722.867920 0.000000 -0.184339 0.000000 0.982862 0.230944 0.230944 0.230944
2681.789551 0.000000 3588.250488 0.000000 0.548037 0.000000 -0.836454 0.462446 0.462446 0.462446
2678.650635 0.000000 3584.771973 -0.000000 -0.528610 0.000000 0.848864 0.230944 0.230944 0.230944
2674.340576 0.000000 3682.314453 0.000000 -0.668248 0.000000 -0.743939 0.230944 0.230944 0.230944
2710.564697 0.000000 3537.807617 0.000000 0.982548 0.000000 -0.186011 0.462446 0.462446 0.462446
2704.144775 0.000000 3540.769775 0.000000 0.792541 0.000000 0.609818 0.230944 0.230944 0.230944
2714.374268 0.000000 3493.434814 0.000000 -0.354344 0.000000 0.935115 0.462446 0.462446 0.462446
2715.333008 0.000000 3495.617920 0.000000 0.088472 0.000000 -0.996079 0.462446 0.462446 0.462446
2716.016113 0.000000 3500.216309 0.000000 0.983561 0.000000 -0.180577 0.230944 0.230944 0.230944
2649.524902 0.000000 3477.938965 0.000000 -0.704584 0.000000 0.709621 0.462446 0.462446 0.462446
2645.746826 0.000000 3472.070068 0.000000 0.998083 0.000000 -0.061886 0.230944 0.230944 0.230944
2619.515869 0.000000 3573.242188 0.000000 -0.772748 0.000000 0.634712 0.175682 0.175682 0.175682
2886.759766 0.000000 3207.656006 0.000000 0.244439 0.000000 -0.969665 0.230944 0.230944 0.230944
2691.898926 0.000000 3477.119873 0.000000 0.004002 0.000000 -0.999992 0.462446 0.462446 0.462446
2687.500000 0.000000 3478.316895 0.000000 0.770776 0.000000 0.637106 0.230944 0.230944 0.230944
2628.408203 0.000000 3726.896484 0.000000 -0.938905 0.000000 0.344175 0.175682 0.175682 0.175682
2617.291016 0.000000 3586.063477 0.000000 -0.712230 0.000000 -0.701945 0.175682 0.175682 0.175682
2622.800781 0.000000 3606.044434 0.000000 -0.927524 0.000000 0.373765 0.462446 0.462446 0.462446
2708.577637 0.000000 3426.688721 0.000000 0.998085 0.000000 -0.061850 0.175682 0.175682 0.175682
2624.419189 0.000000 3601.900879 0.000000 -0.583933 0.000000 0.811801 0.230944 0.230944 0.230944
2690.448975 0.000000 3436.746826 0.000000 -0.287992 0.000000 0.957633 0.462446 0.462446 0.462446
2659.657715 0.000000 3720.433838 0.000000 0.893585 0.000000 0.448893 0.175682 0.175682 0.175682
2670.083740 0.000000 3544.798340 0.000000 -0.626885 0.000000 -0.779111 0.175682 0.175682 0.175682
2694.847412 0.000000 3437.392578 0.000000 0.188890 0.000000 0.981998 0.230944 0.230944 0.230944
2886.466797 0.000000 3091.369385 0.000000 0.308026 0.000000 0.951378 0.481269 0.481269 0.481269
2853.717285 0.000000 3236.431885 0.000000 -0.354344 0.000000 0.935115 0.462446 0.462446 0.462446
2842.851318 0.000000 3243.081055 0.000000 0.999556 0.000000 0.029789 0.230944 0.230944 0.230944
2842.085205 0.000000 3181.827393 0.000000 0.998085 0.000000 -0.061850 0.175682 0.175682 0.175682
2701.333252 0.000000 3538.335693 0.000000 -0.481671 0.000000 0.876352 0.175682 0.175682 0.175682
2638.870117 0.000000 3498.648682 0.000000 -0.997662 0.000000 0.068344 0.175682 0.175682 0.175682
2837.521729 0.000000 3192.627686 0.000000 -0.169824 -0.000000 -0.985474 0.462446 0.462446 0.462446
2649.951904 0.000000 3502.648682 0.000000 -0.988834 0.000000 0.149020 0.462446 0.462446 0.462446
2625.991699 0.000000 3585.818848 0.000000 0.819274 0.000000 -0.573402 0.175682 0.175682 0.175682
2834.190430 0.000000 3180.389648 0.000000 0.188890 0.000000 0.981998 0.230944 0.230944 0.230944
2637.799072 0.000000 3506.618896 0.000000 0.709807 0.000000 0.704397 0.230944 0.230944 0.230944
2647.709961 0.000000 3468.942627 0.000000 0.998085 0.000000 -0.061850 0.175682 0.175682 0.175682
2710.854492 0.000000 3435.045166 0.000000 -0.934744 0.000000 0.355322 0.175682 0.175682 0.175682
2876.996826 0.000000 3093.568848 0.000000 0.702488 0.000000 0.711695 0.182832 0.182832 0.182832
2728.966064 0.000000 3417.534668 0.000000 -0.257073 0.000000 -0.966392 0.462446 0.462446 0.462446
2670.423096 0.000000 3425.038330 0.000000 0.998085 0.000000 -0.061850 0.175682 0.175682 0.175682
2772.443115 0.000000 3311.796631 0.000000 0.998085 0.000000 -0.061850 0.175682 0.175682 0.175682
2665.859619 0.000000 3435.838623 0.000000 -0.169824 -0.000000 -0.985474 0.462446 0.462446 0.462446
2735.901123 0.000000 3376.666992 0.000000 0.748947 0.000000 -0.662629 0.175682 0.175682 0.175682
2621.784912 0.000000 3547.879883 0.000000 0.804144 0.000000 -0.594435 0.561954 0.561954 0.561954
2616.453125 0.000000 3561.343506 0.000000 0.898257 0.000000 -0.439472 0.213484 0.213484 0.213484
2686.092285 0.000000 3723.286621 0.000000 0.559063 0.000000 -0.829125 0.561954 0.561954 0.561954
2685.168457 0.000000 3737.824219 0.000000 -0.997583 0.000000 0.069482 0.213484 0.213484 0.213484
2614.616699 0.000000 3575.543213 0.000000 0.829002 0.000000 -0.559246 0.414575 0.414575 0.414575
2644.560791 0.000000 3746.565186 0.000000 -0.600428 0.000000 0.799679 0.561954 0.561954 0.561954
2638.931152 0.000000 3733.285645 0.000000 0.947019 0.000000 0.321178 0.213484 0.213484 0.213484
2630.357666 0.000000 3721.791748 0.000000 0.999804 0.000000 0.019807 0.414575 0.414575 0.414575
2662.528320 0.000000 3423.600586 0.000000 0.188890 0.000000 0.981998 0.230944 0.230944 0.230944
2624.267578 0.000000 3439.922119 0.000000 0.998085 0.000000 -0.061850 0.175682 0.175682 0.175682
2764.548340 0.000000 3310.358887 0.000000 0.188890 0.000000 0.981998 0.230944 0.230944 0.230944
2720.960693 0.000000 3350.595215 0.000000 0.998085 0.000000 -0.061850 0.175682 0.175682 0.175682
2625.524658 0.000000 3752.796387 0.000000 0.942843 0.000000 -0.333239 0.561954 0.561954 0.561954
2639.519531 0.000000 3556.819824 0.000000 -0.821748 0.000000 -0.569851 0.561954 0.561954 0.561954
2666.356445 0.000000 3739.242920 0.000000 -0.989633 0.000000 -0.143616 0.414575 0.414575 0.414575
2821.072510 0.000000 3284.395020 0.000000 0.998085 0.000000 -0.061850 0.175682 0.175682 0.175682
2656.878174 0.000000 3695.035400 0.000000 -0.121625 0.000000 0.992576 0.561954 0.561954 0.561954
2654.346191 0.000000 3709.436035 0.000000 0.082182 -0.000000 -0.996617 0.213484 0.213484 0.213484
2655.177734 0.000000 3723.756592 0.000000 0.475601 0.000000 0.879661 0.414575 0.414575 0.414575
2634.882080 0.000000 3457.363525 -0.000000 -0.156394 0.000000 0.987695 0.341164 0.341164 0.341164
2686.236328 0.000000 3564.467041 0.000000 0.354759 0.000000 0.934958 0.561954 0.561954 0.561954
2680.606689 0.000000 3551.187500 0.000000 0.881883 0.000000 -0.471469 0.213484 0.213484 0.213484
2672.033203 0.000000 3539.693604 0.000000 0.999764 0.000000 0.021735 0.414575 0.414575 0.414575
2676.345215 0.000000 3700.269287 0.000000 -0.994415 0.000000 0.105545 0.561954 0.561954 0.561954
2787.052979 0.000000 3211.939697 0.000000 0.998085 0.000000 -0.061850 0.175682 0.175682 0.175682
2815.441895 0.000000 3312.595703 0.000000 0.273570 0.000000 0.961852 0.175682 0.175682 0.175682
2614.324463 0.000000 3461.819336 0.000000 -0.060770 0.000000 -0.998152 0.341164 0.341164 0.341164
2809.766113 0.000000 3168.035400 0.000000 0.998085 0.000000 -0.061850 0.175682 0.175682 0.175682
2667.200195 0.000000 3570.698242 0.000000 0.131056 0.000000 -0.991376 0.561954 0.561954 0.561954
2760.008301 0.000000 3326.254639 0.000000 -0.616961 -0.000000 -0.786994 0.561954 0.561954 0.561954
2805.202637 0.000000 3178.835693 0.000000 -0.169824 -0.000000 -0.985474 0.462446 0.462446 0.462446
2698.553711 0.000000 3512.937256 0.000000 0.979052 0.000000 0.203613 0.561954 0.561954 0.561954
2696.021729 0.000000 3527.337891 0.000000 -0.961549 0.000000 0.274633 0.213484 0.213484 0.213484
2696.853271 0.000000 3541.658447 0.000000 0.002375 0.000000 -0.999997 0.414575 0.414575 0.414575
2615.040039 0.000000 3467.738770 0.000000 0.900832 0.000000 -0.434169 0.213484 0.213484 0.213484
2815.716064 0.000000 3264.038086 0.000000 -0.060770 0.000000 -0.998152 0.341164 0.341164 0.341164
2640.849854 0.000000 3456.668945 0.000000 0.929179 0.000000 0.369630 0.213484 0.213484 0.213484
2801.871338 0.000000 3166.597656 0.000000 0.188890 0.000000 0.981998 0.230944 0.230944 0.230944
2718.020752 0.000000 3518.171143 0.000000 0.583291 0.000000 -0.812263 0.561954 0.561954 0.561954
2708.101807 0.000000 3355.140625 0.000000 -0.109134 0.000000 -0.994027 0.414575 0.414575 0.414575
2816.431641 0.000000 3269.957520 0.000000 0.900832 0.000000 -0.434169 0.213484 0.213484 0.213484
2672.617188 0.000000 3462.712646 0.000000 -0.616961 -0.000000 -0.786994 0.561954 0.561954 0.561954
2657.924316 0.000000 3462.160645 0.000000 -0.253139 -0.000000 -0.967430 0.213484 0.213484 0.213484
2643.804443 0.000000 3465.012939 0.000000 -0.915114 0.000000 0.403195 0.414575 0.414575 0.414575
2702.310547 0.000000 3374.714844 0.000000 -0.892980 0.000000 0.450096 0.213484 0.213484 0.213484
2633.528320 0.000000 3498.612549 0.000000 0.375639 0.000000 -0.926766 0.341164 0.341164 0.341164
2628.661621 0.000000 3466.043701 0.000000 -0.359969 0.000000 0.932964 0.213484 0.213484 0.213484
2648.511719 0.000000 3428.516113 0.000000 -0.253139 -0.000000 -0.967430 0.213484 0.213484 0.213484
2669.873535 0.000000 3482.736572 0.000000 0.843944 0.000000 -0.536432 0.561954 0.561954 0.561954
2631.550293 0.000000 3488.822754 0.000000 -0.999880 0.000000 -0.015456 0.213484 0.213484 0.213484
2615.775391 0.000000 3478.246582 0.000000 -0.915114 0.000000 0.403195 0.414575 0.414575 0.414575
2781.696533 0.000000 3191.582764 0.000000 -0.060770 0.000000 -0.998152 0.341164 0.341164 0.341164
2776.697266 0.000000 3300.157959 0.000000 -0.488501 -0.000000 -0.872563 0.213484 0.213484 0.213484
2717.055176 0.000000 3346.665527 0.000000 -0.915114 0.000000 0.403195 0.414575 0.414575 0.414575
2831.286865 0.000000 3277.613037 0.000000 -0.253139 -0.000000 -0.967430 0.213484 0.213484 0.213484
2622.900146 0.000000 3597.413330 0.000000 0.106879 0.000000 -0.994272 0.414575 0.414575 0.414575
2716.426758 0.000000 3433.699463 0.000000 0.663896 0.000000 0.747825 0.414575 0.414575 0.414575
2631.456543 0.000000 3471.048096 0.000000 -0.777660 0.000000 -0.628685 0.414575 0.414575 0.414575
2817.166992 0.000000 3280.465332 0.000000 -0.915114 0.000000 0.403195 0.414575 0.414575 0.414575
2720.699707 0.000000 3359.900146 0.000000 0.352856 0.000000 0.935677 0.414575 0.414575 0.414575
2698.836670 0.000000 3434.900635 0.000000 -0.915114 0.000000 0.403195 0.414575 0.414575 0.414575
2669.295410 0.000000 3415.740723 0.000000 -0.603567 -0.000000 -0.797313 0.341164 0.341164 0.341164
2675.698730 0.000000 3403.163574 0.000000 -0.488501 -0.000000 -0.872563 0.213484 0.213484 0.213484
2694.681396 0.000000 3403.987549 0.000000 -0.616961 -0.000000 -0.786994 0.561954 0.561954 0.561954
2680.637451 0.000000 3418.256348 0.000000 -0.253139 -0.000000 -0.967430 0.213484 0.213484 0.213484
2721.416992 0.000000 3367.289307 0.000000 0.147687 0.000000 -0.989034 0.341164 0.341164 0.341164
2782.412109 0.000000 3197.502197 0.000000 0.900832 0.000000 -0.434169 0.213484 0.213484 0.213484
2782.657471 0.000000 3305.014648 0.000000 -0.253139 -0.000000 -0.967430 0.213484 0.213484 0.213484
2720.230957 0.000000 3373.122314 0.000000 -0.288965 0.000000 0.957340 0.213484 0.213484 0.213484
2670.657715 0.000000 3405.736572 0.000000 -0.262286 0.000000 -0.964990 0.414575 0.414575 0.414575
2744.443848 0.000000 3369.701172 0.000000 0.164237 0.000000 -0.986421 0.213484 0.213484 0.213484
2805.231934 0.000000 3197.142334 0.000000 -0.616961 -0.000000 -0.786994 0.561954 0.561954 0.561954
2603.381592 0.000000 3583.502197 0.000000 -0.544491 0.000000 -0.838768 0.341164 0.341164 0.341164
2600.650391 0.000000 3578.489502 0.000000 0.850910 0.000000 -0.525312 0.213484 0.213484 0.213484
2797.267334 0.000000 3205.157715 0.000000 -0.253139 -0.000000 -0.967430 0.213484 0.213484 0.213484
2783.147461 0.000000 3208.010010 0.000000 -0.915114 0.000000 0.403195 0.414575 0.414575 0.414575
2891.161133 0.000000 3209.132568 0.000000 0.999759 0.000000 0.021965 0.414575 0.414575 0.414575
2794.188232 0.000000 3285.105225 0.000000 -0.250447 0.000000 0.968130 0.414575 0.414575 0.414575
2802.751709 0.000000 3300.913330 0.000000 0.982796 0.000000 0.184695 0.341164 0.341164 0.341164
2707.738281 0.000000 3412.601807 0.000000 0.706588 0.000000 -0.707626 0.341164 0.341164 0.341164
2711.889404 0.000000 3408.678223 0.000000 0.799974 0.000000 0.600035 0.213484 0.213484 0.213484
2839.325928 0.000000 3239.956299 0.000000 -0.899860 0.000000 -0.436178 0.414575 0.414575 0.414575
2712.901611 0.000000 3405.300781 0.000000 -0.997514 0.000000 0.070461 0.213484 0.213484 0.213484
2903.587158 0.000000 3185.389160 0.000000 0.225935 0.000000 0.974142 0.561954 0.561954 0.561954
2800.597168 0.000000 3306.462891 0.000000 -0.456783 0.000000 -0.889578 0.213484 0.213484 0.213484
2700.374268 0.000000 3387.869141 0.000000 -0.974723 0.000000 0.223418 0.561954 0.561954 0.561954
2804.787598 0.000000 3318.628418 0.000000 0.093577 0.000000 0.995612 0.213484 0.213484 0.213484
2838.179688 0.000000 3177.897705 0.000000 -0.915114 0.000000 0.403195 0.414575 0.414575 0.414575
2808.638428 0.000000 3158.737793 0.000000 -0.603567 -0.000000 -0.797313 0.341164 0.341164 0.341164
2814.020264 0.000000 3156.396729 0.000000 -0.488501 -0.000000 -0.872563 0.213484 0.213484 0.213484
2827.945068 0.000000 3153.238037 0.000000 -0.616961 -0.000000 -0.786994 0.561954 0.561954 0.561954
2819.980469 0.000000 3161.253418 0.000000 -0.253139 -0.000000 -0.967430 0.213484 0.213484 0.213484
2778.622559 0.000000 3310.543457 0.000000 -0.590233 0.000000 -0.807233 0.341164 0.341164 0.341164
2914.001953 0.000000 3201.664551 0.000000 -0.939661 0.000000 0.342108 0.341164 0.341164 0.341164
2919.695068 0.000000 3202.270508 0.000000 -0.470872 0.000000 -0.882202 0.213484 0.213484 0.213484
2773.020264 0.000000 3326.102539 0.000000 0.981913 0.000000 -0.189333 0.213484 0.213484 0.213484
2805.860596 0.000000 3164.105713 0.000000 -0.915114 0.000000 0.403195 0.414575 0.414575 0.414575
2865.529785 0.000000 3088.986816 0.000000 -0.703704 0.000000 0.710493 0.355051 0.355051 0.355051
2924.387207 0.000000 3183.153564 0.000000 -0.705314 0.000000 -0.708895 0.213484 0.213484 0.213484
2910.722656 0.000000 3178.552734 0.000000 0.977685 0.000000 0.210076 0.561954 0.561954 0.561954
2921.855469 0.000000 3175.911865 0.000000 0.983552 0.000000 0.180624 0.213484 0.213484 0.213484
2852.406494 0.000000 3111.050049 0.000000 0.585152 0.000000 0.810924 0.175682 0.175682 0.175682
2853.174072 0.000000 3099.237305 0.000000 0.230967 0.000000 -0.972961 0.462446 0.462446 0.462446
2860.274170 0.000000 3109.820068 0.000000 -0.998860 0.000000 0.047728 0.230944 0.230944 0.230944
2847.081299 0.000000 3155.598877 0.000000 0.706588 0.000000 -0.707626 0.341164 0.341164 0.341164
2851.232422 0.000000 3151.675293 0.000000 0.799974 0.000000 0.600035 0.213484 0.213484 0.213484
2863.482910 0.000000 3144.257080 0.000000 -0.992508 0.000000 -0.122182 0.561954 0.561954 0.561954
2858.500732 0.000000 3154.402344 0.000000 -0.997514 0.000000 0.070461 0.213484 0.213484 0.213484
2856.322021 0.000000 3119.484863 0.000000 -0.990250 0.000000 0.139300 0.341164 0.341164 0.341164
2851.998535 0.000000 3123.396240 0.000000 0.939044 0.000000 0.343797 0.213484 0.213484 0.213484
2839.717285 0.000000 3130.866211 0.000000 -0.974723 0.000000 0.223418 0.561954 0.561954 0.561954
2844.810791 0.000000 3120.663818 0.000000 -0.967575 0.000000 0.252585 0.213484 0.213484 0.213484
2857.440430 0.000000 3113.520752 0.000000 0.770142 0.000000 -0.637872 0.414575 0.414575 0.414575
2871.165283 0.000000 3138.141602 0.000000 0.999308 0.000000 0.037193 0.213484 0.213484 0.213484
2882.145264 0.000000 3128.784424 0.000000 -0.500241 0.000000 -0.865886 0.561954 0.561954 0.561954
2878.773682 0.000000 3139.621826 0.000000 0.624114 0.000000 -0.781333 0.213484 0.213484 0.213484
2867.589600 0.000000 3148.729492 0.000000 0.000000 0.000000 1.000000 0.414575 0.414575 0.414575
"}
object={
	name="cliff coastline 04"
	render_pass=MapUnderWater
	clamp_to_water_level=no
	generated_content=no
	layer="temp_layer"
	pdxmesh="cliff_coastline_04_mesh"
	count=369
	transform="1377.834106 0.000000 4617.358887 0.000000 0.125434 0.000000 -0.992102 0.658648 0.658648 0.658648
1395.569946 0.000000 4609.944824 0.000000 0.198966 0.000000 -0.980006 0.658648 0.658648 0.658648
1430.547241 0.000000 4659.679688 0.000000 -0.438488 0.000000 -0.898737 0.658648 0.658648 0.658648
1433.927368 0.000000 4678.600098 0.000000 0.995736 0.000000 0.092244 0.658648 0.658648 0.658648
1450.331421 0.000000 4731.632324 0.000000 0.995736 0.000000 0.092244 0.658648 0.658648 0.658648
1483.763306 0.000000 4752.885742 0.000000 0.995736 0.000000 0.092244 0.658648 0.658648 0.658648
1415.262817 0.000000 4732.982910 0.000000 -0.438769 0.000000 0.898600 0.506348 0.506348 0.506348
1431.400757 0.000000 4753.313965 0.000000 -0.886789 0.000000 0.462175 0.506348 0.506348 0.506348
1448.366699 0.000000 4783.675781 0.000000 -0.617326 0.000000 0.786707 0.506348 0.506348 0.506348
1497.502441 0.000000 4828.791504 0.000000 0.180881 0.000000 0.983505 0.506348 0.506348 0.506348
1495.199707 0.000000 4741.122559 0.000000 0.953867 0.000000 -0.300230 0.506348 0.506348 0.506348
1400.852295 0.000000 4605.531738 0.000000 0.973033 0.000000 -0.230666 0.506348 0.506348 0.506348
1474.409180 0.000000 4743.846680 0.000000 0.000000 0.000000 1.000000 0.506348 0.506348 0.506348
1962.371216 -0.402588 2604.157227 0.000000 0.966123 0.000000 0.258082 0.615677 0.615677 0.615677
1952.547363 -0.402588 2602.733643 0.000000 -0.647074 0.000000 -0.762427 0.615677 0.615677 0.615677
1955.142334 -0.402588 2598.999023 0.000000 0.994719 0.000000 0.102635 0.615677 0.615677 0.615677
1948.905640 -0.402588 2599.803467 0.000000 -0.998941 0.000000 0.046015 0.615677 0.615677 0.615677
1786.137085 0.289795 2939.715332 0.000000 0.966123 0.000000 0.258082 0.615677 0.615677 0.615677
1778.908203 0.289795 2934.557129 0.000000 0.994719 0.000000 0.102635 0.615677 0.615677 0.615677
1959.797607 -0.392334 2622.923828 0.000000 0.600897 0.000000 0.799327 0.501514 0.501514 0.501514
1952.277954 -0.392334 2625.221191 0.000000 -0.305368 0.000000 0.952235 0.501514 0.501514 0.501514
1952.701294 -0.392334 2621.712158 0.000000 -0.838448 0.000000 -0.544981 0.501514 0.501514 0.501514
1956.680908 -0.392334 2615.194092 0.000000 0.878137 0.000000 -0.478410 0.614562 0.614562 0.614562
1957.337158 -0.392334 2614.538818 0.000000 0.772308 0.000000 -0.635248 0.501514 0.501514 0.501514
1948.488403 -0.392334 2624.334961 0.000000 0.672156 0.000000 -0.740410 0.501514 0.501514 0.501514
1944.166504 0.088135 2607.040039 0.000000 -0.029963 0.000000 -0.999552 0.501514 0.501514 0.501514
1951.960449 0.088135 2608.525146 0.000000 0.738248 0.000000 0.674530 0.501514 0.501514 0.501514
1949.984497 0.088135 2611.505127 0.000000 0.851359 0.000000 -0.524584 0.501514 0.501514 0.501514
1955.133301 0.088135 2611.283936 0.000000 -0.960884 0.000000 -0.276951 0.501514 0.501514 0.501514
1999.553833 -0.402588 2605.867432 0.000000 0.966123 0.000000 0.258082 0.615677 0.615677 0.615677
1989.729980 -0.402588 2604.443848 0.000000 -0.647074 0.000000 -0.762427 0.615677 0.615677 0.615677
1992.324951 -0.402588 2600.709229 0.000000 0.994719 0.000000 0.102635 0.615677 0.615677 0.615677
1986.088257 -0.402588 2601.513672 0.000000 -0.998941 0.000000 0.046015 0.615677 0.615677 0.615677
1996.980225 -0.392334 2624.634033 0.000000 0.600897 0.000000 0.799327 0.501514 0.501514 0.501514
1989.460571 -0.392334 2626.931396 0.000000 -0.305368 0.000000 0.952235 0.501514 0.501514 0.501514
1989.883911 -0.392334 2623.422363 0.000000 -0.838448 0.000000 -0.544981 0.501514 0.501514 0.501514
1993.863525 -0.392334 2616.904297 0.000000 0.878137 0.000000 -0.478410 0.614562 0.614562 0.614562
1994.519775 -0.392334 2616.249023 0.000000 0.772308 0.000000 -0.635248 0.501514 0.501514 0.501514
1985.671021 -0.392334 2626.045166 0.000000 0.672156 0.000000 -0.740410 0.501514 0.501514 0.501514
1981.349121 0.088135 2608.750244 0.000000 -0.029963 0.000000 -0.999552 0.501514 0.501514 0.501514
1989.143066 0.088135 2610.235352 0.000000 0.738248 0.000000 0.674530 0.501514 0.501514 0.501514
1987.167114 0.088135 2613.215332 0.000000 0.851359 0.000000 -0.524584 0.501514 0.501514 0.501514
1992.315918 0.088135 2612.994141 0.000000 -0.960884 0.000000 -0.276951 0.501514 0.501514 0.501514
1966.941162 0.866211 2616.658447 0.000000 0.910252 0.000000 -0.414054 0.615677 0.615677 0.615677
1973.987061 0.866211 2609.817139 0.000000 -0.770662 0.000000 0.637244 0.615677 0.615677 0.615677
1975.473267 0.866211 2614.103271 0.000000 0.705978 0.000000 -0.708233 0.615677 0.615677 0.615677
1978.683716 0.866211 2608.660400 0.000000 -0.816273 0.000000 -0.577667 0.615677 0.615677 0.615677
1953.606445 0.876465 2603.090820 0.000000 0.797466 0.000000 -0.603364 0.501514 0.501514 0.501514
1956.402588 0.876465 2595.606934 -0.000000 -0.612381 0.000000 0.790563 0.501514 0.501514 0.501514
1958.986450 0.876465 2598.249756 0.000000 0.533720 0.000000 -0.845661 0.501514 0.501514 0.501514
1961.734985 0.876465 2605.234375 0.000000 0.989699 0.000000 -0.143163 0.614562 0.614562 0.614562
1961.806885 0.876465 2606.150635 0.000000 0.906021 0.000000 -0.423232 0.501514 0.501514 0.501514
1959.501587 0.876465 2593.141602 0.000000 -0.922975 0.000000 -0.384861 0.501514 0.501514 0.501514
1975.699219 1.356934 2600.447021 0.000000 -0.692139 0.000000 0.721765 0.501514 0.501514 0.501514
1969.810547 1.356934 2605.778564 0.000000 0.852275 -0.000000 -0.523094 0.501514 0.501514 0.501514
1968.741699 1.356934 2602.231689 0.000000 0.450484 0.000000 -0.892785 0.501514 0.501514 0.501514
1965.757202 1.356934 2606.557129 0.000000 0.466491 0.000000 -0.884526 0.501514 0.501514 0.501514
1896.340088 -0.490723 2455.200928 0.000000 0.910252 0.000000 -0.414054 0.615677 0.615677 0.615677
1903.385986 -0.490723 2448.359619 0.000000 -0.770662 0.000000 0.637244 0.615677 0.615677 0.615677
1904.872192 -0.490723 2452.645752 0.000000 0.705978 0.000000 -0.708233 0.615677 0.615677 0.615677
1908.082642 -0.490723 2447.202881 0.000000 -0.816273 0.000000 -0.577667 0.615677 0.615677 0.615677
1883.005371 -0.480469 2441.633301 0.000000 0.797466 0.000000 -0.603364 0.501514 0.501514 0.501514
1885.801514 -0.480469 2434.149414 -0.000000 -0.612381 0.000000 0.790563 0.501514 0.501514 0.501514
1888.385376 -0.480469 2436.792236 0.000000 0.533720 0.000000 -0.845661 0.501514 0.501514 0.501514
1891.133911 -0.480469 2443.776855 0.000000 0.989699 0.000000 -0.143163 0.614562 0.614562 0.614562
1891.205811 -0.480469 2444.693115 0.000000 0.906021 0.000000 -0.423232 0.501514 0.501514 0.501514
1888.900513 -0.480469 2431.684082 0.000000 -0.922975 0.000000 -0.384861 0.501514 0.501514 0.501514
1905.098145 0.000000 2438.989502 0.000000 -0.692139 0.000000 0.721765 0.501514 0.501514 0.501514
1899.209473 0.000000 2444.321045 0.000000 0.852275 -0.000000 -0.523094 0.501514 0.501514 0.501514
1898.140625 0.000000 2440.774170 0.000000 0.450484 0.000000 -0.892785 0.501514 0.501514 0.501514
1895.156128 0.000000 2445.099609 0.000000 0.466491 0.000000 -0.884526 0.501514 0.501514 0.501514
1983.807617 0.000000 2438.139893 0.000000 -0.997976 0.000000 0.063588 0.501514 0.501514 0.501514
1981.904541 0.000000 2445.896729 0.000000 0.686961 0.000000 0.726694 0.501514 0.501514 0.501514
1979.008057 0.000000 2443.556641 0.000000 -0.353727 0.000000 -0.935349 0.501514 0.501514 0.501514
1978.965454 0.000000 2448.812500 0.000000 -0.380248 0.000000 -0.924885 0.501514 0.501514 0.501514
1371.821533 -0.254883 3608.535889 0.000000 -0.146544 0.000000 0.989204 0.377881 0.377881 0.377881
1369.262207 -0.254883 3608.687988 0.000000 0.219986 0.000000 0.975503 0.377881 0.377881 0.377881
1369.272339 -0.080322 3608.657471 0.000000 -0.746032 0.000000 -0.665910 0.377881 0.377881 0.377881
1372.007080 0.000000 3606.835693 0.000000 -0.343255 0.000000 0.939243 0.377881 0.377881 0.377881
1368.663818 -0.254883 3614.619141 0.000000 0.760560 0.000000 -0.649268 0.377881 0.377881 0.377881
1366.708008 -0.254883 3616.268555 0.000000 0.986506 0.000000 -0.163726 0.377881 0.377881 0.377881
1366.722168 -0.080322 3616.226318 0.000000 -0.882243 0.000000 -0.470795 0.377881 0.377881 0.377881
1367.800293 0.000000 3613.132080 0.000000 0.345447 0.000000 0.938439 0.377881 0.377881 0.377881
1344.020508 -0.254883 3619.496826 0.000000 0.986506 0.000000 -0.163726 0.377881 0.377881 0.377881
1344.034668 -0.080322 3619.454590 0.000000 -0.882243 0.000000 -0.470795 0.377881 0.377881 0.377881
1339.028931 -0.254883 3631.145508 0.000000 0.760560 0.000000 -0.649268 0.377881 0.377881 0.377881
1337.073120 -0.254883 3632.794922 0.000000 0.986506 0.000000 -0.163726 0.377881 0.377881 0.377881
1337.087280 -0.080322 3632.752686 0.000000 -0.882243 0.000000 -0.470795 0.377881 0.377881 0.377881
1338.165405 0.000000 3629.658447 0.000000 0.345447 0.000000 0.938439 0.377881 0.377881 0.377881
1342.301392 -0.254883 3653.182129 0.000000 0.941666 0.000000 -0.336548 0.377881 0.377881 0.377881
1340.345581 -0.254883 3654.831543 0.000000 0.980283 0.000000 0.197597 0.377881 0.377881 0.377881
1340.359741 -0.080322 3654.789307 0.000000 -0.657302 -0.000000 -0.753628 0.377881 0.377881 0.377881
1341.437866 0.000000 3651.695068 0.000000 -0.010658 0.000000 0.999943 0.377881 0.377881 0.377881
1321.431274 -0.254883 3668.756836 0.000000 -0.896488 0.000000 -0.443069 0.377881 0.377881 0.377881
1319.890869 -0.254883 3666.781494 0.000000 -0.539314 0.000000 -0.842104 0.377881 0.377881 0.377881
1319.912598 -0.080322 3666.858398 0.000000 -0.084933 0.000000 0.996387 0.377881 0.377881 0.377881
1322.898804 0.000000 3668.031250 0.000000 0.726302 0.000000 -0.687376 0.377881 0.377881 0.377881
1289.742432 -0.254883 3665.172119 -0.000000 0.030218 0.000000 0.999543 0.377881 0.377881 0.377881
1288.187988 -0.254883 3666.945801 0.000000 -0.695725 0.000000 0.718308 0.377881 0.377881 0.377881
1288.357178 -0.080322 3667.038330 0.000000 -0.378771 0.000000 0.925490 0.377881 0.377881 0.377881
1288.950073 0.000000 3664.095215 0.000000 -0.407624 0.000000 -0.913150 0.377881 0.377881 0.377881
1289.552124 -0.254883 3647.845947 -0.000000 0.030218 0.000000 0.999543 0.377881 0.377881 0.377881
1287.997681 -0.254883 3649.619629 0.000000 -0.695725 0.000000 0.718308 0.377881 0.377881 0.377881
1288.166870 -0.080322 3649.712158 0.000000 -0.378771 0.000000 0.925490 0.377881 0.377881 0.377881
1288.759766 0.000000 3646.769043 0.000000 -0.407624 0.000000 -0.913150 0.377881 0.377881 0.377881
1048.070923 -0.254883 2541.755127 0.000000 -0.996248 0.000000 -0.086544 0.377881 0.377881 0.377881
1038.438965 -0.254883 2544.787354 0.000000 -0.999998 0.000000 0.001838 0.377881 0.377881 0.377881
1046.685669 -0.080322 2543.621338 0.000000 0.000000 0.000000 1.000000 0.377881 0.377881 0.377881
1039.201050 0.000000 2541.936768 0.000000 0.000000 0.000000 1.000000 0.377881 0.377881 0.377881
1339.906372 0.000000 3380.693848 0.000000 -0.386715 0.000000 -0.922199 0.266618 0.266618 0.266618
1339.449829 0.000000 3381.902832 0.000000 0.428070 0.000000 -0.903746 0.266618 0.266618 0.266618
1338.919434 0.000000 3383.238770 0.000000 0.726020 0.000000 -0.687674 0.266618 0.266618 0.266618
1338.474243 0.000000 3384.590088 -0.000000 -0.517250 0.000000 0.855835 0.266618 0.266618 0.266618
1339.635254 0.000000 3385.363525 0.000000 0.519592 0.000000 0.854414 0.266618 0.266618 0.266618
1340.570557 0.000000 3386.569824 0.000000 0.320906 0.000000 0.947111 0.266618 0.266618 0.266618
1340.566040 0.000000 3386.609863 0.000000 0.321145 0.000000 0.947030 0.266618 0.266618 0.266618
1340.723877 0.000000 3388.494141 0.000000 0.166477 0.000000 -0.986045 0.266618 0.266618 0.266618
1343.020020 -0.145264 3411.788574 0.000000 0.616798 0.000000 0.787122 0.266618 0.266618 0.266618
1342.981201 -0.145264 3410.946289 0.000000 0.616997 0.000000 0.786966 0.266618 0.266618 0.266618
1337.225098 0.000000 3412.802734 0.000000 0.983314 0.000000 -0.181919 0.266618 0.266618 0.266618
1345.004272 -0.145264 3412.195068 0.000000 -0.670580 0.000000 0.741837 0.266618 0.266618 0.266618
1345.403687 -0.145264 3411.418457 0.000000 -0.670392 0.000000 0.742007 0.266618 0.266618 0.266618
1337.241089 0.000000 3412.765625 0.000000 0.983268 0.000000 -0.182167 0.266618 0.266618 0.266618
1335.265259 0.000000 3409.684326 0.000000 0.542796 0.000000 0.839864 0.266618 0.266618 0.266618
1336.284546 0.000000 3410.783936 0.000000 0.346723 0.000000 0.937968 0.266618 0.266618 0.266618
1336.282471 0.000000 3410.824707 0.000000 0.346960 0.000000 0.937880 0.266618 0.266618 0.266618
1332.254639 0.000000 3403.643799 0.000000 -0.046527 0.000000 -0.998917 0.266618 0.266618 0.266618
1332.229126 0.000000 3403.675293 0.000000 -0.046779 0.000000 -0.998905 0.266618 0.266618 0.266618
1333.206299 0.000000 3407.101074 0.000000 0.905869 0.000000 -0.423558 0.266618 0.266618 0.266618
1332.534424 0.000000 3405.741943 0.000000 0.976401 0.000000 -0.215966 0.266618 0.266618 0.266618
1332.547607 0.000000 3405.703369 0.000000 0.976346 0.000000 -0.216213 0.266618 0.266618 0.266618
1339.666138 0.000000 3389.607178 0.000000 0.377360 0.000000 -0.926067 0.266618 0.266618 0.266618
1339.625732 0.000000 3389.608154 0.000000 0.377126 0.000000 -0.926162 0.266618 0.266618 0.266618
1337.613892 0.000000 3392.545166 0.000000 0.999992 0.000000 -0.003883 0.266618 0.266618 0.266618
1338.219604 0.000000 3391.144775 0.000000 0.976804 0.000000 0.214134 0.266618 0.266618 0.266618
1338.257568 0.000000 3391.129883 0.000000 0.976858 0.000000 0.213887 0.266618 0.266618 0.266618
1336.661865 0.000000 3395.998535 0.000000 -0.610251 0.000000 -0.792208 0.266618 0.266618 0.266618
1337.105469 0.000000 3394.580811 0.000000 0.207159 0.000000 -0.978307 0.266618 0.266618 0.266618
1341.067505 0.000000 3377.903809 0.000000 0.333396 0.000000 0.942787 0.266618 0.266618 0.266618
1340.370972 0.000000 3379.373047 0.000000 -0.629130 0.000000 0.777300 0.266618 0.266618 0.266618
1336.202271 0.000000 3396.813477 0.000000 -0.931898 0.000000 -0.362721 0.266618 0.266618 0.266618
1335.475586 0.000000 3398.114990 0.000000 0.910763 0.000000 -0.412929 0.266618 0.266618 0.266618
1334.657593 0.000000 3399.432617 0.000000 0.874788 0.000000 0.484505 0.266618 0.266618 0.266618
1332.683228 0.000000 3401.590332 0.000000 0.749971 0.000000 -0.661470 0.266618 0.266618 0.266618
1333.211548 0.000000 3400.937744 0.000000 0.846266 0.000000 0.532760 0.266618 0.266618 0.266618
1205.020630 -0.335938 3436.963623 0.000000 -0.513238 0.000000 0.858246 0.270898 0.270898 0.270898
1198.170776 -0.335938 3434.953369 -0.000000 -0.692246 0.000000 0.721661 0.270898 0.270898 0.270898
1199.174316 -0.335938 3435.948975 0.000000 0.000000 0.000000 1.000000 0.270898 0.270898 0.270898
1201.963745 -0.335938 3434.163818 0.000000 0.000000 0.000000 1.000000 0.270898 0.270898 0.270898
1202.257812 -0.190186 3434.955566 0.000000 0.000000 0.000000 1.000000 0.270898 0.270898 0.270898
1051.223022 -0.746094 5063.024902 0.000000 -0.834241 0.000000 0.551399 0.668750 0.668750 0.668750
1041.206421 -0.833008 5054.546875 0.000000 0.000000 0.000000 1.000000 0.668750 0.668750 0.668750
1049.704834 0.000000 5059.217285 0.000000 0.000000 0.000000 1.000000 0.668750 0.668750 0.668750
1023.409851 0.000000 5073.956055 0.000000 0.448930 0.000000 0.893567 0.570215 0.570215 0.570215
1011.949646 0.000000 5080.673828 0.000000 -0.015848 0.000000 0.999874 0.570215 0.570215 0.570215
987.035950 0.000000 5051.344238 0.000000 -0.302273 0.000000 0.953221 0.570215 0.570215 0.570215
1023.761353 0.000000 5062.214844 0.000000 0.196966 0.000000 -0.980410 0.570215 0.570215 0.570215
2008.940674 0.000000 3714.113037 -0.000000 -0.727789 0.000000 0.685802 1.000000 1.000000 1.000000
2018.776367 0.000000 3712.538330 0.000000 -0.350571 0.000000 0.936536 0.592916 0.592916 0.592916
2030.941406 0.000000 3702.763428 0.000000 0.824347 0.000000 0.566085 0.599635 0.599635 0.599635
2017.757202 0.000000 3687.551025 0.000000 0.999548 0.000000 0.030070 0.599635 0.599635 0.599635
2007.654663 0.000000 3712.567871 0.000000 0.999548 0.000000 0.030070 0.311748 0.311748 0.311748
2008.254395 0.000000 3715.306641 0.000000 0.999548 0.000000 0.030070 0.502368 0.502368 0.502368
1311.768921 1.268555 5902.382812 0.000000 0.993731 0.000000 0.111796 0.371809 0.371809 0.371809
1313.738403 -0.217773 5904.615234 0.000000 -0.766699 0.000000 0.642006 0.439746 0.439746 0.439746
1311.808716 0.703613 5902.423340 0.000000 0.388935 0.000000 -0.921265 0.330275 0.330275 0.330275
1134.369629 1.268555 5959.042480 0.000000 -0.707658 0.000000 -0.706555 0.371809 0.371809 0.371809
1254.800659 1.574219 5934.936035 0.000000 0.983822 -0.000000 -0.179151 0.439746 0.439746 0.439746
1135.704468 1.574219 5960.145020 0.000000 0.983822 -0.000000 -0.179151 0.439746 0.439746 0.439746
1134.409424 0.703613 5959.083008 0.000000 -0.036617 0.000000 0.999329 0.330275 0.330275 0.330275
1174.439209 1.574219 5980.856934 0.000000 -0.944225 0.000000 0.329302 0.439746 0.439746 0.439746
1175.588135 0.703613 5979.441895 0.000000 0.994699 0.000000 0.102827 0.330275 0.330275 0.330275
1145.787598 1.523926 6005.213379 0.000000 0.000000 0.000000 1.000000 0.255330 0.255330 0.255330
2705.772705 0.000000 3369.505615 0.000000 -0.249671 0.000000 -0.968331 0.233364 0.233364 0.233364
2705.831055 0.000000 3361.266113 0.000000 0.317543 0.000000 0.948244 0.305941 0.305941 0.305941
2812.446777 0.000000 3294.231689 0.000000 0.884726 0.000000 0.466111 0.233364 0.233364 0.233364
2713.780762 0.000000 3352.318848 0.000000 -0.602710 0.000000 -0.797960 0.305941 0.305941 0.305941
2617.087646 0.000000 3441.645752 0.000000 -0.602710 0.000000 -0.797960 0.305941 0.305941 0.305941
2813.892578 0.000000 3286.118652 0.000000 -0.602710 0.000000 -0.797960 0.305941 0.305941 0.305941
2870.868652 0.000000 3209.198486 0.000000 0.251002 0.000000 -0.967987 0.233364 0.233364 0.233364
2873.152588 0.000000 3217.124268 0.000000 -0.638639 0.000000 0.769506 0.305941 0.305941 0.305941
2636.832520 0.000000 3562.587158 0.000000 0.971189 0.000000 0.238310 0.233364 0.233364 0.233364
2665.130127 0.000000 3564.585938 -0.000000 0.024258 0.000000 0.999706 0.233364 0.233364 0.233364
2674.649658 0.000000 3706.554688 0.000000 -0.588469 0.000000 0.808520 0.233364 0.233364 0.233364
2716.325195 0.000000 3524.456543 0.000000 0.921378 0.000000 -0.388668 0.233364 0.233364 0.233364
2663.506836 0.000000 3481.899414 0.000000 0.941776 0.000000 0.336241 0.233364 0.233364 0.233364
2685.835693 0.000000 3450.563721 0.000000 0.182233 0.000000 0.983255 0.233364 0.233364 0.233364
2825.178711 0.000000 3193.560791 0.000000 0.182233 0.000000 0.983255 0.233364 0.233364 0.233364
2643.635010 0.000000 3575.040283 0.000000 -0.953393 0.000000 -0.301729 0.305941 0.305941 0.305941
2652.266602 0.000000 3503.528809 0.000000 0.919748 0.000000 -0.392509 0.233364 0.233364 0.233364
2651.567139 0.000000 3560.436768 0.000000 0.700911 0.000000 -0.713248 0.305941 0.305941 0.305941
2685.637939 0.000000 3440.999512 0.000000 -0.529705 0.000000 0.848182 0.305941 0.305941 0.305941
2725.440674 0.000000 3535.400635 0.000000 0.907276 0.000000 -0.420536 0.305941 0.305941 0.305941
2859.123291 0.000000 3240.059570 0.000000 -0.995386 0.000000 -0.095954 0.305941 0.305941 0.305941
2653.886230 0.000000 3492.397705 0.000000 0.990780 0.000000 -0.135479 0.305941 0.305941 0.305941
2730.367676 0.000000 3415.444580 0.000000 -0.087851 0.000000 -0.996134 0.233364 0.233364 0.233364
2664.809814 0.000000 3438.145996 0.000000 0.182233 0.000000 0.983255 0.233364 0.233364 0.233364
2832.710693 0.000000 3196.880371 0.000000 0.252977 0.000000 -0.967472 0.305941 0.305941 0.305941
2826.879150 0.000000 3252.224121 0.000000 0.182233 0.000000 0.983255 0.233364 0.233364 0.233364
2672.341797 0.000000 3441.465576 0.000000 0.252977 0.000000 -0.967472 0.305941 0.305941 0.305941
2792.859619 0.000000 3179.768799 0.000000 0.182233 0.000000 0.983255 0.233364 0.233364 0.233364
2834.411133 0.000000 3255.543701 0.000000 0.252977 0.000000 -0.967472 0.305941 0.305941 0.305941
2763.068604 0.000000 3326.849609 0.000000 0.252977 0.000000 -0.967472 0.305941 0.305941 0.305941
2800.391602 0.000000 3183.088379 0.000000 0.252977 0.000000 -0.967472 0.305941 0.305941 0.305941
2714.820068 0.000000 3348.621826 0.000000 0.483138 0.000000 0.875544 0.272487 0.272487 0.272487
2722.059326 0.000000 3354.869141 0.000000 0.251692 0.000000 -0.967807 0.357232 0.357232 0.357232
2864.633789 0.000000 3094.474365 0.000000 -0.122057 0.000000 -0.992523 0.233364 0.233364 0.233364
2619.539307 0.000000 3578.132812 0.000000 0.006580 0.000000 -0.999979 0.713580 0.713580 0.713580
2856.471924 0.000000 3093.697998 0.000000 0.054273 0.000000 0.998526 0.305941 0.305941 0.305941
2624.834229 0.000000 3723.394775 0.000000 -0.981152 0.000000 -0.193239 0.713580 0.713580 0.713580
2799.388916 0.000000 3281.394531 0.000000 0.896028 0.000000 -0.443998 0.272487 0.272487 0.272487
2666.509766 0.000000 3541.296631 0.000000 0.944658 0.000000 -0.328058 0.713580 0.713580 0.713580
2662.245117 0.000000 3735.036133 0.000000 -0.532887 0.000000 0.846187 0.713580 0.713580 0.713580
2660.740479 0.000000 3725.488525 0.000000 0.558333 0.000000 0.829617 0.713580 0.713580 0.713580
2805.473877 0.000000 3288.778809 0.000000 0.957661 0.000000 0.287899 0.357232 0.357232 0.357232
2793.998291 0.000000 3271.610352 0.000000 -0.841778 0.000000 0.539823 0.271750 0.271750 0.271750
2702.416016 0.000000 3543.390381 0.000000 0.757720 0.000000 -0.652580 0.713580 0.713580 0.713580
2888.288086 0.000000 3214.785889 0.000000 -0.637486 0.000000 -0.770463 0.272487 0.272487 0.272487
2705.029785 0.000000 3492.911133 0.000000 0.998119 0.000000 -0.061303 0.272487 0.272487 0.272487
2642.810303 0.000000 3470.635742 0.000000 0.999542 0.000000 0.030269 0.713580 0.713580 0.713580
2879.572998 0.000000 3210.969727 0.000000 0.060819 0.000000 -0.998149 0.357232 0.357232 0.357232
2890.004395 0.000000 3207.120361 0.000000 0.807681 0.000000 -0.589620 0.713580 0.713580 0.713580
2897.467285 0.000000 3221.132568 0.000000 0.718332 0.000000 0.695700 0.271750 0.271750 0.271750
2618.901367 0.000000 3587.887207 0.000000 -0.986047 0.000000 0.166472 0.272487 0.272487 0.272487
2631.332031 0.000000 3605.818359 0.000000 -0.888812 0.000000 -0.458271 0.357232 0.357232 0.357232
2707.169434 0.000000 3428.645508 0.000000 0.903644 0.000000 0.428285 0.272487 0.272487 0.272487
2622.018066 0.000000 3599.569336 0.000000 -0.525196 0.000000 0.850982 0.713580 0.713580 0.713580
2692.782959 0.000000 3445.038818 0.000000 0.367310 0.000000 0.930098 0.357232 0.357232 0.357232
2718.717041 0.000000 3433.180664 0.000000 -0.724869 0.000000 -0.688887 0.713580 0.713580 0.713580
2696.487305 0.000000 3434.509766 0.000000 -0.482263 0.000000 0.876027 0.713580 0.713580 0.713580
2694.108154 0.000000 3730.180420 0.000000 0.001641 0.000000 0.999999 0.272487 0.272487 0.272487
2627.311035 0.000000 3556.961914 0.000000 -0.942948 0.000000 0.332942 0.272487 0.272487 0.272487
2634.219238 0.000000 3744.016602 0.000000 -0.977147 0.000000 -0.212567 0.272487 0.272487 0.272487
2712.093994 0.000000 3437.816650 0.000000 -0.945255 -0.000000 -0.326333 0.271750 0.271750 0.271750
2863.906738 0.000000 3087.685059 0.000000 0.468439 0.000000 -0.883496 0.611125 0.611125 0.611125
2844.372803 0.000000 3235.908203 0.000000 0.998119 0.000000 -0.061303 0.272487 0.272487 0.272487
2664.135498 0.000000 3702.902100 0.000000 0.997888 0.000000 -0.064961 0.272487 0.272487 0.272487
2675.894775 0.000000 3561.918457 0.000000 -0.448586 0.000000 -0.893740 0.272487 0.272487 0.272487
2850.769043 0.000000 3243.014648 0.000000 0.996526 0.000000 0.083278 0.357232 0.357232 0.357232
2839.494873 0.000000 3242.240234 0.000000 -0.455305 0.000000 -0.890336 0.713580 0.713580 0.713580
2873.788818 0.000000 3097.296875 0.000000 -0.895199 0.000000 -0.445667 0.232732 0.232732 0.232732
2705.811035 0.000000 3520.803955 0.000000 -0.815432 0.000000 -0.578854 0.272487 0.272487 0.272487
2840.677002 0.000000 3183.784180 0.000000 0.903644 0.000000 0.428285 0.272487 0.272487 0.272487
2832.125977 0.000000 3188.035889 0.000000 0.367310 0.000000 0.930098 0.357232 0.357232 0.357232
2835.830322 0.000000 3177.506836 0.000000 -0.482263 0.000000 0.876027 0.713580 0.713580 0.713580
2633.365234 0.000000 3734.973877 0.000000 0.837161 0.000000 0.546956 0.271750 0.271750 0.271750
2621.597168 0.000000 3564.044189 0.000000 -0.986060 0.000000 0.166391 0.271750 0.271750 0.271750
2665.750244 0.000000 3471.026855 0.000000 0.903644 0.000000 0.428285 0.272487 0.272487 0.272487
2645.562256 0.000000 3508.286865 0.000000 0.861055 0.000000 0.508511 0.357232 0.357232 0.357232
2851.437012 0.000000 3180.813721 0.000000 -0.945255 -0.000000 -0.326333 0.271750 0.271750 0.271750
2659.887695 0.000000 3711.033447 0.000000 0.132594 0.000000 -0.991170 0.271750 0.271750 0.271750
2738.592285 0.000000 3419.406982 0.000000 0.487378 0.000000 0.873191 0.272487 0.272487 0.272487
2675.040771 0.000000 3552.875732 0.000000 -0.999985 0.000000 0.005445 0.271750 0.271750 0.271750
2877.089355 0.000000 3088.583984 0.000000 0.648899 0.000000 0.760875 0.283578 0.283578 0.283578
2656.103271 0.000000 3435.321045 0.000000 0.903644 0.000000 0.428285 0.272487 0.272487 0.272487
2883.141602 0.000000 3094.823486 0.000000 0.417092 0.000000 0.908864 0.282811 0.282811 0.282811
2733.802979 0.000000 3422.964844 0.000000 -0.992465 0.000000 0.122531 0.357232 0.357232 0.357232
2701.563232 0.000000 3528.935303 0.000000 0.108812 0.000000 -0.994062 0.271750 0.271750 0.271750
2719.552490 0.000000 3352.552002 0.000000 0.903644 0.000000 0.428285 0.272487 0.272487 0.272487
2737.164062 0.000000 3374.553467 0.000000 -0.159841 0.000000 -0.987143 0.272487 0.272487 0.272487
2607.098145 0.000000 3573.454102 0.000000 -0.912068 0.000000 -0.410040 0.331120 0.331120 0.331120
2660.463867 0.000000 3431.246826 0.000000 0.367310 0.000000 0.930098 0.357232 0.357232 0.357232
2685.624756 0.000000 3740.587646 0.000000 0.988758 0.000000 0.149523 0.659632 0.659632 0.659632
2637.142578 0.000000 3718.166504 0.000000 -0.481060 0.000000 -0.876688 0.331120 0.331120 0.331120
2626.437988 0.000000 3550.521240 0.000000 0.884854 0.000000 -0.465867 0.330225 0.330225 0.330225
2639.344971 0.000000 3747.998779 0.000000 -0.834270 0.000000 -0.551355 0.330225 0.330225 0.330225
2637.305664 0.000000 3731.086670 0.000000 -0.756173 0.000000 0.654372 0.659632 0.659632 0.659632
2615.935791 0.000000 3564.111328 0.000000 -0.797043 0.000000 -0.603923 0.659632 0.659632 0.659632
2672.790283 0.000000 3743.200195 0.000000 -0.999599 0.000000 -0.028332 0.331120 0.331120 0.331120
2622.859375 0.000000 3441.878906 0.000000 0.903644 0.000000 0.428285 0.272487 0.272487 0.272487
2657.061768 0.000000 3467.928955 0.000000 -0.945255 -0.000000 -0.326333 0.271750 0.271750 0.271750
2819.664307 0.000000 3286.351807 0.000000 0.903644 0.000000 0.428285 0.272487 0.272487 0.272487
2642.336426 0.000000 3552.070557 0.000000 -0.767414 0.000000 0.641151 0.330225 0.330225 0.330225
2647.652100 0.000000 3723.002686 0.000000 -0.089332 0.000000 0.996002 0.331120 0.331120 0.331120
2771.034912 0.000000 3313.753418 0.000000 0.903644 0.000000 0.428285 0.272487 0.272487 0.272487
2662.033447 0.000000 3696.762451 0.000000 0.736936 0.000000 -0.675962 0.330225 0.330225 0.330225
2654.393066 0.000000 3712.165527 0.000000 0.682186 0.000000 0.731178 0.659632 0.659632 0.659632
2678.818115 0.000000 3536.068359 0.000000 0.106910 0.000000 -0.994269 0.331120 0.331120 0.331120
2762.483887 0.000000 3318.005127 0.000000 0.367310 0.000000 0.930098 0.357232 0.357232 0.357232
2681.020508 0.000000 3565.900635 0.000000 -0.255027 0.000000 -0.966934 0.330225 0.330225 0.330225
2677.859863 0.000000 3695.227783 0.000000 -0.636932 0.000000 -0.770920 0.330225 0.330225 0.330225
2678.981201 0.000000 3548.988525 0.000000 -0.992482 0.000000 -0.122390 0.659632 0.659632 0.659632
2730.312500 0.000000 3349.581543 0.000000 -0.945255 -0.000000 -0.326333 0.271750 0.271750 0.271750
2633.619385 0.000000 3438.908447 0.000000 -0.945255 -0.000000 -0.326333 0.271750 0.271750 0.271750
2785.644775 0.000000 3213.896484 0.000000 0.903644 0.000000 0.428285 0.272487 0.272487 0.272487
2668.540527 0.000000 3575.875000 0.000000 0.805842 0.000000 0.592131 0.330225 0.330225 0.330225
2817.048828 0.000000 3310.720947 0.000000 0.411564 0.000000 -0.911381 0.272487 0.272487 0.272487
2689.327637 0.000000 3540.904541 0.000000 0.472490 0.000000 0.881337 0.331120 0.331120 0.331120
2614.362793 0.000000 3470.537598 0.000000 0.444986 0.000000 -0.895538 0.331120 0.331120 0.331120
2703.708984 0.000000 3514.664307 0.000000 -0.542646 0.000000 -0.839962 0.330225 0.330225 0.330225
2696.068604 0.000000 3530.067383 0.000000 0.974611 0.000000 -0.223904 0.659632 0.659632 0.659632
2830.424316 0.000000 3283.381348 0.000000 -0.945255 -0.000000 -0.326333 0.271750 0.271750 0.271750
2808.357910 0.000000 3169.992188 0.000000 0.903644 0.000000 0.428285 0.272487 0.272487 0.272487
2758.930420 0.000000 3331.686035 0.000000 0.104839 0.000000 0.994489 0.330225 0.330225 0.330225
2719.535400 0.000000 3513.129639 0.000000 0.983628 0.000000 0.180213 0.330225 0.330225 0.330225
2815.754395 0.000000 3272.756348 0.000000 0.444986 0.000000 -0.895538 0.331120 0.331120 0.331120
2643.594971 0.000000 3457.432129 0.000000 0.916083 0.000000 0.400990 0.331120 0.331120 0.331120
2728.486572 0.000000 3344.181396 0.000000 -0.846477 0.000000 0.532425 0.659632 0.659632 0.659632
2671.539307 0.000000 3468.144043 0.000000 0.104839 0.000000 0.994489 0.330225 0.330225 0.330225
2655.235840 0.000000 3462.528809 0.000000 -0.846477 0.000000 0.532425 0.659632 0.659632 0.659632
2633.269531 0.000000 3469.286865 0.000000 0.512297 0.000000 -0.858809 0.713580 0.713580 0.713580
2637.293945 0.000000 3489.359375 0.000000 0.581809 0.000000 0.813325 0.271750 0.271750 0.271750
2630.469971 0.000000 3482.421875 0.000000 -0.001595 0.000000 0.999999 0.331120 0.331120 0.331120
2675.203857 0.000000 3483.559082 0.000000 0.425673 0.000000 0.904877 0.330225 0.330225 0.330225
2633.682617 0.000000 3457.109375 0.000000 -0.773894 0.000000 0.633314 0.330225 0.330225 0.330225
2630.163574 0.000000 3507.567383 0.000000 -0.295515 0.000000 0.955338 0.659632 0.659632 0.659632
2645.823242 0.000000 3428.884277 0.000000 -0.846477 0.000000 0.532425 0.659632 0.659632 0.659632
2614.509766 0.000000 3460.531006 0.000000 -0.899681 0.000000 -0.436547 0.330225 0.330225 0.330225
2629.810791 0.000000 3501.570557 0.000000 -0.690154 0.000000 0.723663 0.330225 0.330225 0.330225
2799.806885 0.000000 3174.243896 0.000000 0.367310 0.000000 0.930098 0.357232 0.357232 0.357232
2796.404785 0.000000 3210.926025 0.000000 -0.945255 -0.000000 -0.326333 0.271750 0.271750 0.271750
2732.588379 0.000000 3374.435791 0.000000 -0.583787 0.000000 0.811907 0.659632 0.659632 0.659632
2828.598389 0.000000 3277.981201 0.000000 -0.846477 0.000000 0.532425 0.659632 0.659632 0.659632
2815.901367 0.000000 3262.749756 0.000000 -0.899681 0.000000 -0.436547 0.330225 0.330225 0.330225
2766.188232 0.000000 3307.476074 0.000000 -0.482263 0.000000 0.876027 0.713580 0.713580 0.713580
2596.912109 0.000000 3596.442139 0.000000 -0.419752 0.000000 -0.907639 0.330225 0.330225 0.330225
2672.160400 0.000000 3407.555420 0.000000 0.012592 0.000000 0.999921 0.713580 0.713580 0.713580
2679.774902 0.000000 3424.024658 0.000000 -0.945255 -0.000000 -0.326333 0.271750 0.271750 0.271750
2677.601562 0.000000 3413.321289 0.000000 -0.648732 0.000000 -0.761017 0.331120 0.331120 0.331120
2693.603516 0.000000 3409.418945 0.000000 0.104839 0.000000 0.994489 0.330225 0.330225 0.330225
2744.796387 0.000000 3363.974609 0.000000 -0.240380 0.000000 -0.970679 0.271750 0.271750 0.271750
2677.948975 0.000000 3418.624512 0.000000 -0.846477 0.000000 0.532425 0.659632 0.659632 0.659632
2667.937012 0.000000 3415.826660 0.000000 -0.898094 0.000000 0.439802 0.330225 0.330225 0.330225
2718.732910 0.000000 3375.463867 0.000000 0.394726 0.000000 -0.918799 0.331120 0.331120 0.331120
2779.621582 0.000000 3300.079590 0.000000 -0.648732 0.000000 -0.761017 0.331120 0.331120 0.331120
2719.810059 0.000000 3387.671387 0.000000 -0.999814 0.000000 -0.019303 0.330225 0.330225 0.330225
2746.988281 0.000000 3369.085693 0.000000 0.392453 0.000000 0.919772 0.659632 0.659632 0.659632
2721.960693 0.000000 3366.137939 0.000000 0.580877 0.000000 0.813991 0.330225 0.330225 0.330225
2781.734863 0.000000 3200.301025 0.000000 0.444986 0.000000 -0.895538 0.331120 0.331120 0.331120
2779.968994 0.000000 3305.382812 0.000000 -0.846477 0.000000 0.532425 0.659632 0.659632 0.659632
2597.936279 0.000000 3579.361084 0.000000 0.077766 0.000000 0.996972 0.659632 0.659632 0.659632
2804.154053 0.000000 3202.573730 0.000000 0.104839 0.000000 0.994489 0.330225 0.330225 0.330225
2794.578857 0.000000 3205.525879 0.000000 -0.846477 0.000000 0.532425 0.659632 0.659632 0.659632
2714.742920 0.000000 3407.648926 -0.000000 -0.873239 0.000000 0.487293 0.331120 0.331120 0.331120
2781.881836 0.000000 3190.294434 0.000000 -0.899681 0.000000 -0.436547 0.330225 0.330225 0.330225
2710.393555 0.000000 3406.356445 0.000000 0.415373 0.000000 -0.909651 0.659632 0.659632 0.659632
2806.099609 0.000000 3313.039307 0.000000 0.999020 0.000000 0.044257 0.271750 0.271750 0.271750
2798.725586 0.000000 3308.520020 0.000000 0.980780 0.000000 -0.195116 0.331120 0.331120 0.331120
2898.716553 0.000000 3188.104736 0.000000 0.325878 0.000000 -0.945412 0.330225 0.330225 0.330225
2797.723877 0.000000 3320.728271 0.000000 -0.183176 0.000000 -0.983080 0.330225 0.330225 0.330225
2807.404541 0.000000 3318.441895 0.000000 0.364835 0.000000 0.931072 0.659632 0.659632 0.659632
2803.478027 0.000000 3299.861328 0.000000 0.649393 0.000000 -0.760453 0.330225 0.330225 0.330225
2803.511230 0.000000 3163.714844 0.000000 -0.482263 0.000000 0.876027 0.713580 0.713580 0.713580
2819.117920 0.000000 3167.021729 0.000000 -0.945255 -0.000000 -0.326333 0.271750 0.271750 0.271750
2816.944580 0.000000 3156.318359 0.000000 -0.648732 0.000000 -0.761017 0.331120 0.331120 0.331120
2826.867188 0.000000 3158.669434 0.000000 0.104839 0.000000 0.994489 0.330225 0.330225 0.330225
2909.093506 0.000000 3205.878906 0.000000 -0.984271 0.000000 -0.176665 0.271750 0.271750 0.271750
2817.291992 0.000000 3161.621582 0.000000 -0.846477 0.000000 0.532425 0.659632 0.659632 0.659632
2807.280029 0.000000 3158.823730 0.000000 -0.898094 0.000000 0.439802 0.330225 0.330225 0.330225
2874.759033 0.000000 3092.417969 0.000000 0.309580 0.000000 0.950873 0.564923 0.564923 0.564923
2921.866943 0.000000 3181.715332 -0.000000 0.009759 0.000000 0.999953 0.331120 0.331120 0.331120
2898.178467 0.000000 3208.877441 0.000000 -0.996762 0.000000 0.080415 0.330225 0.330225 0.330225
2924.494141 0.000000 3177.189941 0.000000 -0.581807 0.000000 0.813327 0.659632 0.659632 0.659632
2868.877930 0.000000 3085.913086 0.000000 -0.743988 0.000000 -0.668193 0.282811 0.282811 0.282811
2853.070801 0.000000 3108.756836 0.000000 -0.462995 0.000000 0.886361 0.272487 0.272487 0.272487
2859.777100 0.000000 3101.931641 0.000000 -0.721175 0.000000 -0.692753 0.357232 0.357232 0.357232
2859.753662 0.000000 3112.995605 0.000000 0.873585 0.000000 -0.486672 0.713580 0.713580 0.713580
2843.829102 0.000000 3115.003418 0.000000 0.966550 0.000000 -0.256476 0.271750 0.271750 0.271750
2854.085938 0.000000 3150.645996 -0.000000 -0.873239 0.000000 0.487293 0.331120 0.331120 0.331120
2864.181641 0.000000 3149.743652 -0.000000 -0.985829 0.000000 0.167754 0.330225 0.330225 0.330225
2855.992676 0.000000 3155.458008 0.000000 0.415373 0.000000 -0.909651 0.659632 0.659632 0.659632
2849.248047 0.000000 3124.426025 0.000000 -0.432020 0.000000 -0.901864 0.331120 0.331120 0.331120
2839.113037 0.000000 3125.289551 0.000000 0.869072 0.000000 -0.494686 0.330225 0.330225 0.330225
2847.416016 0.000000 3119.484131 0.000000 0.182940 0.000000 -0.983124 0.659632 0.659632 0.659632
2857.733398 0.000000 3118.962646 0.000000 0.970850 0.000000 -0.239688 0.330225 0.330225 0.330225
2873.671143 0.000000 3136.587646 -0.000000 -0.592900 0.000000 0.805276 0.331120 0.331120 0.331120
2883.638428 0.000000 3134.083740 -0.000000 -0.692935 0.000000 0.721001 0.330225 0.330225 0.330225
2876.377686 0.000000 3141.052246 0.000000 0.802024 0.000000 -0.597292 0.659632 0.659632 0.659632
2866.321533 0.000000 3143.468506 0.000000 0.000000 0.000000 1.000000 0.330225 0.330225 0.330225
"}
