object={
	name="env_desert_ambient_close"
	render_pass=Map
	clamp_to_water_level=yes
	generated_content=no
	layer="env_effect_layer"
	entity="env_desert_plains_ambient"
	count=3
	transform="1480.600220 1.180298 2098.932617 0.000000 -0.421685 0.000000 0.906742 0.326208 0.326208 0.326208
1307.400146 0.512329 1983.105591 0.000000 0.000000 0.000000 1.000000 0.326208 0.326208 0.326208
1237.558105 1.146729 1960.691895 0.000000 0.000000 0.000000 1.000000 0.326208 0.326208 0.326208
"}
object={
	name="env_desert_mountains"
	render_pass=Map
	clamp_to_water_level=yes
	generated_content=no
	layer="env_effect_mountains_layer"
	entity="env_desert_mountains"
	count=202
	transform="3026.772461 -0.378906 1532.742310 0.000000 0.000000 0.000000 1.000000 0.221167 0.221167 0.221167
3019.341309 0.000000 1525.276489 0.000000 0.000000 0.000000 1.000000 0.166528 0.166528 0.166528
2992.235352 0.000000 1531.732666 0.000000 0.000000 0.000000 1.000000 0.166528 0.166528 0.166528
3001.291260 0.000000 1546.444092 0.000000 0.000000 0.000000 1.000000 0.166528 0.166528 0.166528
3405.794678 0.950562 1739.659546 0.000000 0.000000 0.000000 1.000000 0.431873 0.431873 0.431873
3377.130859 0.000000 1800.303589 0.000000 0.000000 0.000000 1.000000 0.623132 0.623132 0.623132
3275.534668 0.000000 1827.188599 0.000000 0.000000 0.000000 1.000000 0.338953 0.338953 0.338953
1430.504761 -1.925049 4106.958496 0.000000 0.000000 0.000000 1.000000 0.897561 0.897561 0.897561
1247.082886 -0.970947 4109.889648 0.000000 0.000000 0.000000 1.000000 0.646299 0.646299 0.646299
1264.965332 -0.970947 4054.182129 0.000000 0.000000 0.000000 1.000000 0.646299 0.646299 0.646299
1272.559570 -0.970947 3981.177490 0.000000 0.000000 0.000000 1.000000 0.646299 0.646299 0.646299
1267.797974 -0.970947 3880.677734 0.000000 0.000000 0.000000 1.000000 0.646299 0.646299 0.646299
1322.739136 -0.970947 3838.185303 0.000000 0.000000 0.000000 1.000000 0.646299 0.646299 0.646299
1385.382812 -0.970947 3900.565674 0.000000 0.000000 0.000000 1.000000 0.646299 0.646299 0.646299
1402.182983 -0.970947 4149.753418 0.000000 0.000000 0.000000 1.000000 0.646299 0.646299 0.646299
1410.790161 -0.970947 4172.860840 0.000000 0.000000 0.000000 1.000000 0.646299 0.646299 0.646299
1395.487061 -0.970947 4115.620605 0.000000 0.000000 0.000000 1.000000 0.646299 0.646299 0.646299
1383.917236 -0.970947 4069.495361 0.000000 0.000000 0.000000 1.000000 0.646299 0.646299 0.646299
1374.577515 -0.970947 4024.928711 0.000000 0.000000 0.000000 1.000000 0.646299 0.646299 0.646299
1359.771484 -1.208740 3931.778809 0.000000 0.000000 0.000000 1.000000 0.646299 0.646299 0.646299
1346.190674 -1.115478 3881.848877 0.000000 0.000000 0.000000 1.000000 0.646299 0.646299 0.646299
1406.199707 -1.448730 4120.560059 0.000000 0.000000 0.000000 1.000000 0.646299 0.646299 0.646299
1293.797729 -1.322754 4088.031006 0.000000 0.000000 0.000000 1.000000 0.646299 0.646299 0.646299
1369.955811 -1.322754 4152.445801 0.000000 0.000000 0.000000 1.000000 0.646299 0.646299 0.646299
1444.884766 -1.322754 4147.424805 0.000000 0.000000 0.000000 1.000000 0.646299 0.646299 0.646299
1436.777832 -1.322754 4053.704590 0.000000 0.000000 0.000000 1.000000 0.646299 0.646299 0.646299
1512.844849 -1.322754 4164.381836 0.000000 0.000000 0.000000 1.000000 0.646299 0.646299 0.646299
1435.725952 -1.322754 4115.588379 0.000000 0.000000 0.000000 1.000000 0.646299 0.646299 0.646299
1482.319946 -1.322754 4088.086182 0.000000 0.000000 0.000000 1.000000 0.646299 0.646299 0.646299
1432.378296 -1.322754 4020.811035 0.000000 0.000000 0.000000 1.000000 0.646299 0.646299 0.646299
1436.013306 -1.322754 3969.557617 0.000000 0.000000 0.000000 1.000000 0.646299 0.646299 0.646299
1404.513550 -1.322754 3866.812012 0.000000 0.000000 0.000000 1.000000 0.646299 0.646299 0.646299
1265.520020 -1.322754 3813.958740 0.000000 0.000000 0.000000 1.000000 0.646299 0.646299 0.646299
1274.666138 -1.322754 3969.832520 0.000000 0.000000 0.000000 1.000000 0.646299 0.646299 0.646299
1258.029663 -1.322754 4019.043457 0.000000 0.000000 0.000000 1.000000 0.646299 0.646299 0.646299
1249.388184 -1.322754 4148.840332 0.000000 0.000000 0.000000 1.000000 0.646299 0.646299 0.646299
1296.474731 -1.322754 4167.377441 0.000000 0.000000 0.000000 1.000000 0.646299 0.646299 0.646299
1370.294800 -1.322754 4106.019531 0.000000 0.000000 0.000000 1.000000 0.646299 0.646299 0.646299
1390.783691 -1.322754 4046.677002 0.000000 0.000000 0.000000 1.000000 0.646299 0.646299 0.646299
1372.969971 -1.448730 3984.469727 0.000000 0.000000 0.000000 1.000000 0.646299 0.646299 0.646299
1366.840942 -1.522461 3945.641113 0.000000 0.000000 0.000000 1.000000 0.646299 0.646299 0.646299
1363.224487 -2.115722 3899.826660 0.000000 0.000000 0.000000 1.000000 0.646299 0.646299 0.646299
1371.794678 -2.115722 3898.708252 0.000000 0.000000 0.000000 1.000000 0.646299 0.646299 0.646299
1344.245117 -2.115722 3900.966797 0.000000 0.000000 0.000000 1.000000 0.646299 0.646299 0.646299
1356.712646 -0.870605 3853.706787 0.000000 0.000000 0.000000 1.000000 0.646299 0.646299 0.646299
1323.390381 -0.970947 3928.413330 0.000000 0.000000 0.000000 1.000000 0.646299 0.646299 0.646299
1484.648804 -0.970947 4090.819336 0.000000 0.000000 0.000000 1.000000 0.646299 0.646299 0.646299
1474.242798 -0.970947 4173.591309 0.000000 0.000000 0.000000 1.000000 0.646299 0.646299 0.646299
1379.309448 -0.970947 4180.989258 0.000000 0.000000 0.000000 1.000000 0.646299 0.646299 0.646299
1311.848999 -0.853760 4122.549316 0.000000 0.000000 0.000000 1.000000 0.646299 0.646299 0.646299
1426.978760 -1.193848 4022.355225 0.000000 0.000000 0.000000 1.000000 0.646299 0.646299 0.646299
1410.274170 -1.397217 4174.403809 0.000000 0.000000 0.000000 1.000000 0.646299 0.646299 0.646299
1342.539795 -1.129639 4100.597168 0.000000 0.000000 0.000000 1.000000 0.646299 0.646299 0.646299
1195.122681 -2.088135 3892.939941 0.000000 0.000000 0.000000 1.000000 0.646299 0.646299 0.646299
836.466736 -0.731934 4883.136719 0.000000 0.000000 0.000000 1.000000 0.440311 0.440311 0.440311
829.332336 -0.731934 4924.715820 0.000000 0.000000 0.000000 1.000000 0.440311 0.440311 0.440311
818.119080 -0.731934 4906.721680 0.000000 0.000000 0.000000 1.000000 0.440311 0.440311 0.440311
792.203186 -0.731934 4901.058594 0.000000 0.000000 0.000000 1.000000 0.440311 0.440311 0.440311
825.017883 -0.731934 4893.519531 0.000000 0.000000 0.000000 1.000000 0.440311 0.440311 0.440311
854.218872 1.140137 4900.458496 0.000000 0.000000 0.000000 1.000000 0.440311 0.440311 0.440311
661.709595 -2.474609 4563.292480 0.000000 0.000000 0.000000 1.000000 1.000000 1.000000 1.000000
648.320557 -2.474609 4514.320801 0.000000 0.000000 0.000000 1.000000 1.000000 1.000000 1.000000
629.699585 -2.474609 4487.988770 0.000000 0.000000 0.000000 1.000000 1.000000 1.000000 1.000000
609.907593 -2.474609 4423.373535 0.000000 0.000000 0.000000 1.000000 1.000000 1.000000 1.000000
766.160034 -2.963379 4691.497070 0.000000 0.000000 0.000000 1.000000 1.000000 1.000000 1.000000
722.994934 -2.963379 4674.030762 0.000000 0.000000 0.000000 1.000000 1.000000 1.000000 1.000000
686.529968 -2.963379 4631.648926 0.000000 0.000000 0.000000 1.000000 1.000000 1.000000 1.000000
609.008423 -2.963379 4549.607422 0.000000 0.000000 0.000000 1.000000 1.000000 1.000000 1.000000
583.124207 -2.963379 4502.978516 0.000000 0.000000 0.000000 1.000000 1.000000 1.000000 1.000000
571.385986 -2.963379 4477.891113 0.000000 0.000000 0.000000 1.000000 1.000000 1.000000 1.000000
560.198120 -2.963379 4434.637695 0.000000 0.000000 0.000000 1.000000 1.000000 1.000000 1.000000
739.074402 -8.960449 4322.704102 0.000000 -0.325603 0.000000 0.945506 2.899956 2.899956 2.899956
807.535522 -8.224609 4215.682129 0.000000 -0.325603 0.000000 0.945506 2.899956 2.899956 2.899956
938.612610 -10.844727 4287.068359 0.000000 -0.800439 0.000000 0.599413 2.899956 2.899956 2.899956
965.504517 -10.844727 4211.607422 0.000000 -0.325603 0.000000 0.945506 2.899956 2.899956 2.899956
717.137878 -2.338379 4676.816895 0.000000 -0.325603 0.000000 0.945506 1.023543 1.023543 1.023543
692.128845 -2.338379 4628.697754 0.000000 -0.325603 0.000000 0.945506 1.023543 1.023543 1.023543
577.463562 -2.338379 4502.751465 0.000000 -0.325603 0.000000 0.945506 1.023543 1.023543 1.023543
545.829651 -2.338379 4444.086426 0.000000 -0.325603 0.000000 0.945506 1.023543 1.023543 1.023543
822.149414 -2.338379 4117.791992 0.000000 -0.325603 0.000000 0.945506 1.023543 1.023543 1.023543
668.957458 -2.338379 4260.446289 0.000000 -0.325603 0.000000 0.945506 1.023543 1.023543 1.023543
566.520935 -2.338379 4356.133301 0.000000 -0.325603 0.000000 0.945506 1.023543 1.023543 1.023543
554.119873 -2.338379 4282.270996 0.000000 -0.325603 0.000000 0.945506 1.023543 1.023543 1.023543
1647.506714 -12.931641 4703.478027 -0.000000 -0.440054 0.000000 0.897971 4.871406 4.871406 4.871406
1800.208862 -12.931641 4686.278320 0.000000 0.084006 0.000000 -0.996465 4.871406 4.871406 4.871406
1854.335327 -12.931641 4705.424316 0.000000 0.486374 0.000000 0.873751 4.871406 4.871406 4.871406
1674.324951 -2.358398 4606.726074 0.000000 -0.317729 0.000000 0.948181 0.881461 0.881461 0.881461
1629.679565 -2.358398 4632.646484 0.000000 -0.317729 0.000000 0.948181 0.881461 0.881461 0.881461
1564.032104 -2.358398 4636.702637 0.000000 -0.317729 0.000000 0.948181 0.881461 0.881461 0.881461
1519.477539 -2.358398 4584.509277 0.000000 -0.317729 0.000000 0.948181 0.881461 0.881461 0.881461
1593.045166 -0.621094 4459.685059 0.000000 -0.317729 0.000000 0.948181 0.881461 0.881461 0.881461
1566.798950 -3.886719 4525.560547 0.000000 0.000000 0.000000 1.000000 0.881461 0.881461 0.881461
1625.985718 -1.929199 4556.144043 0.000000 0.000000 0.000000 1.000000 0.881461 0.881461 0.881461
2076.124512 -4.520508 5027.737793 0.000000 -0.423115 0.000000 -0.906076 2.189990 2.189990 2.189990
2157.795654 -4.520508 4992.948242 0.000000 0.990177 0.000000 -0.139816 2.189990 2.189990 2.189990
2172.272461 -4.520508 4923.291504 0.000000 0.990177 0.000000 -0.139816 2.189990 2.189990 2.189990
2149.241943 -4.520508 4833.558594 0.000000 0.990177 0.000000 -0.139816 2.189990 2.189990 2.189990
799.428162 -3.278809 4633.354492 0.000000 -0.511471 0.000000 0.859301 1.715332 1.715332 1.715332
808.396851 -3.290527 4744.117188 0.000000 -0.511471 0.000000 0.859301 1.715332 1.715332 1.715332
1353.981934 1.212402 4763.104492 0.000000 0.000000 0.000000 1.000000 0.153857 0.153857 0.153857
1342.653687 -0.326661 4757.797363 0.000000 0.000000 0.000000 1.000000 0.153857 0.153857 0.153857
1356.250488 1.212402 4755.931641 0.000000 0.000000 0.000000 1.000000 0.153857 0.153857 0.153857
1356.878906 3.642578 4742.306152 0.000000 0.000000 0.000000 1.000000 0.153857 0.153857 0.153857
1533.760620 -7.865723 4243.976562 0.000000 -0.973039 0.000000 0.230642 3.655469 3.655469 3.655469
1835.860352 -7.865723 4185.652832 0.000000 -0.315804 0.000000 0.948824 3.655469 3.655469 3.655469
1673.304321 -7.865723 4164.101562 0.000000 -0.315804 0.000000 0.948824 3.655469 3.655469 3.655469
977.255066 -6.870605 4783.816895 0.000000 0.634247 0.000000 0.773130 4.721013 4.721013 4.721013
996.172607 -7.904541 3008.406250 0.000000 0.069737 0.000000 0.997565 2.541111 2.541111 2.541111
1012.265564 -4.969238 3100.001465 0.000000 0.069737 0.000000 0.997565 2.541111 2.541111 2.541111
1023.776001 -6.667236 3339.792725 0.000000 0.413317 0.000000 0.910587 2.541111 2.541111 2.541111
973.564880 -8.775635 3425.998047 0.000000 0.413317 0.000000 0.910587 4.664721 4.664721 4.664721
1406.948242 1.497070 2000.366577 0.000000 0.000000 0.000000 1.000000 0.099863 0.099863 0.099863
1407.203003 1.497070 2001.091064 0.000000 0.000000 0.000000 1.000000 0.099863 0.099863 0.099863
1785.099609 -9.094971 2506.978516 0.000000 -0.792102 0.000000 0.610388 5.108496 5.108496 5.108496
2081.576660 -6.430176 2441.096680 0.000000 -0.995562 0.000000 0.094110 5.444216 5.444216 5.444216
1308.807739 -3.776611 3623.770020 0.000000 0.000000 0.000000 1.000000 2.067676 2.067676 2.067676
1304.226562 -3.776611 3623.292969 0.000000 0.000000 0.000000 1.000000 2.067676 2.067676 2.067676
2060.154053 0.943848 3174.647705 0.000000 -0.127581 0.000000 0.991828 0.600740 0.600740 0.600740
2091.645752 -0.341797 3181.325928 0.000000 -0.127581 0.000000 0.991828 0.600740 0.600740 0.600740
2066.889404 1.078125 3174.423096 0.000000 -0.127581 0.000000 0.991828 0.253820 0.253820 0.253820
2078.695557 2.959473 3180.251221 0.000000 -0.127581 0.000000 0.991828 0.303033 0.303033 0.303033
768.101685 -1.983643 2573.322754 0.000000 -0.288482 0.000000 0.957485 3.604053 3.604053 3.604053
664.074707 -5.325684 2098.886963 0.000000 -0.480329 0.000000 0.877088 3.604053 3.604053 3.604053
1295.943237 -6.456055 3383.779785 0.000000 0.000000 0.000000 1.000000 2.956657 2.956657 2.956657
1231.388794 -6.456055 3540.583740 0.000000 0.000000 0.000000 1.000000 2.956657 2.956657 2.956657
1040.791260 -0.540283 2547.730225 0.000000 0.000000 0.000000 1.000000 0.750138 0.750138 0.750138
2149.038818 -12.512207 3310.392578 0.000000 -0.980626 0.000000 -0.195888 5.884669 5.884669 5.884669
1597.615112 -0.621582 3787.202637 0.000000 0.845365 0.000000 0.534189 0.248228 0.248228 0.248228
1593.470947 -0.219727 3785.689697 0.000000 0.845365 0.000000 0.534189 0.458569 0.458569 0.458569
1589.458984 0.140625 3783.532227 0.000000 0.845365 0.000000 0.534189 0.458569 0.458569 0.458569
1300.421509 -3.716309 4601.393066 0.000000 -0.980926 0.000000 0.194383 2.056996 2.056996 2.056996
1460.751953 -3.716309 4507.286133 0.000000 -0.980926 0.000000 0.194383 2.056996 2.056996 2.056996
1382.710205 -3.716309 4530.023438 0.000000 -0.980926 0.000000 0.194383 2.056996 2.056996 2.056996
1385.119995 -0.883301 4508.132324 0.000000 -0.953681 0.000000 0.300820 0.362891 0.362891 0.362891
1306.152954 1.000000 4620.215820 0.000000 -0.953681 0.000000 0.300820 1.000000 1.000000 1.000000
1540.907227 -3.762695 3257.527588 0.000000 0.000000 0.000000 1.000000 1.479318 1.479318 1.479318
1550.718262 -1.784912 3259.362305 0.000000 0.000000 0.000000 1.000000 0.596387 0.596387 0.596387
1534.925171 1.160400 3250.118408 0.000000 0.000000 0.000000 1.000000 0.596387 0.596387 0.596387
1547.806396 1.160400 3249.676514 0.000000 0.000000 0.000000 1.000000 0.596387 0.596387 0.596387
1338.352417 -3.099854 3504.880127 0.000000 0.000000 0.000000 1.000000 1.924946 1.924946 1.924946
1443.893677 -3.099854 3478.980713 0.000000 0.000000 0.000000 1.000000 1.924946 1.924946 1.924946
1479.245728 -5.927734 3364.779785 0.000000 0.000000 0.000000 1.000000 1.924946 1.924946 1.924946
1570.087402 -2.160645 3303.946289 0.000000 0.000000 0.000000 1.000000 1.924946 1.924946 1.924946
1520.429932 -0.987549 3211.503662 0.000000 0.000000 0.000000 1.000000 0.562754 0.562754 0.562754
1553.014526 -0.987549 3197.931396 0.000000 0.000000 0.000000 1.000000 0.562754 0.562754 0.562754
1573.282715 -0.987549 3266.463379 0.000000 0.000000 0.000000 1.000000 0.562754 0.562754 0.562754
1532.809814 -0.987549 3276.673584 0.000000 0.000000 0.000000 1.000000 0.562754 0.562754 0.562754
1524.766357 -0.987549 3232.631836 0.000000 0.000000 0.000000 1.000000 0.562754 0.562754 0.562754
1540.961060 -0.987549 3210.532715 0.000000 0.000000 0.000000 1.000000 0.562754 0.562754 0.562754
1546.496948 -0.987549 3229.677002 0.000000 0.000000 0.000000 1.000000 0.562754 0.562754 0.562754
1553.567383 -1.896973 3256.101562 0.000000 0.000000 0.000000 1.000000 0.509424 0.509424 0.509424
1611.583618 1.752441 3592.465576 0.000000 0.000000 0.000000 1.000000 0.469531 0.469531 0.469531
1612.561890 1.752441 3592.727295 0.000000 0.000000 0.000000 1.000000 0.469531 0.469531 0.469531
1346.097656 -0.572266 4733.333984 0.000000 0.000000 0.000000 1.000000 1.000000 1.000000 1.000000
1360.156128 -2.484375 4662.321289 0.000000 0.000000 0.000000 1.000000 1.000000 1.000000 1.000000
1377.829712 -2.484375 4698.385742 0.000000 0.000000 0.000000 1.000000 1.000000 1.000000 1.000000
1467.413940 -2.484375 4716.907715 0.000000 0.000000 0.000000 1.000000 1.000000 1.000000 1.000000
1456.425537 -2.484375 4658.594727 0.000000 0.000000 0.000000 1.000000 1.000000 1.000000 1.000000
1350.635010 -13.560059 4720.293457 0.000000 0.000000 0.000000 1.000000 4.867383 4.867383 4.867383
1291.184448 -0.802734 4689.774414 0.000000 0.000000 0.000000 1.000000 1.000000 1.000000 1.000000
713.176270 -2.989258 3076.691162 0.000000 0.000000 0.000000 1.000000 2.156738 2.156738 2.156738
774.834961 -1.932861 3055.761230 0.000000 0.000000 0.000000 1.000000 1.000000 1.000000 1.000000
774.787170 -1.932861 3079.433594 0.000000 0.000000 0.000000 1.000000 1.000000 1.000000 1.000000
758.812988 -1.932861 3091.723145 0.000000 0.000000 0.000000 1.000000 1.000000 1.000000 1.000000
2049.775391 -10.960693 2939.556641 0.000000 0.915363 0.000000 -0.402629 3.882480 3.882480 3.882480
2067.524414 -5.968506 2747.401367 0.000000 0.915363 0.000000 -0.402629 3.882480 3.882480 3.882480
2011.540894 -5.968506 2625.040039 0.000000 0.915363 0.000000 -0.402629 3.882480 3.882480 3.882480
2706.325439 -1.301880 2098.938477 0.000000 0.765971 0.000000 -0.642876 2.088382 2.088382 2.088382
2805.676025 -1.301880 2064.201904 0.000000 0.765971 0.000000 -0.642876 2.088382 2.088382 2.088382
3016.750488 -1.375610 2022.128784 0.000000 0.765971 0.000000 -0.642876 2.088382 2.088382 2.088382
3048.480469 0.188354 2032.710938 0.000000 0.765971 0.000000 -0.642876 2.088382 2.088382 2.088382
2927.497070 -1.375610 2003.681641 0.000000 0.765971 0.000000 -0.642876 2.088382 2.088382 2.088382
2673.854248 -4.672607 2657.541504 0.000000 0.000000 0.000000 1.000000 2.202931 2.202931 2.202931
2926.506348 -4.672607 2535.725342 0.000000 0.000000 0.000000 1.000000 2.202931 2.202931 2.202931
3046.161377 -5.670166 2512.418945 0.000000 0.000000 0.000000 1.000000 2.297876 2.297876 2.297876
3054.725342 -4.598633 2256.634033 0.000000 0.000000 0.000000 1.000000 2.297876 2.297876 2.297876
3141.190918 -6.943115 2279.103271 0.000000 0.000000 0.000000 1.000000 2.297876 2.297876 2.297876
3100.973389 -4.001709 2167.415283 0.000000 0.000000 0.000000 1.000000 2.297876 2.297876 2.297876
3078.944824 -0.608887 2337.463867 0.000000 0.000000 0.000000 1.000000 2.297876 2.297876 2.297876
3068.576172 -2.238281 2445.343262 0.000000 0.000000 0.000000 1.000000 2.297876 2.297876 2.297876
2501.980957 -3.709229 3134.718506 0.000000 0.035293 0.000000 -0.999377 2.663672 2.663672 2.663672
2822.767578 -8.393799 3443.050781 0.000000 0.910340 0.000000 0.413862 2.663672 2.663672 2.663672
2913.038330 -6.766846 3320.595215 0.000000 0.954298 0.000000 0.298855 2.663672 2.663672 2.663672
2832.829590 -9.475098 3371.117432 0.000000 0.881534 0.000000 0.472121 2.663672 2.663672 2.663672
2585.786377 -4.803955 3306.710449 0.000000 0.000000 0.000000 1.000000 2.663672 2.663672 2.663672
2682.855713 -1.164551 2188.153809 0.000000 0.983594 0.000000 0.180399 0.750073 0.750073 0.750073
2655.580566 -1.164551 2191.351318 0.000000 0.983594 0.000000 0.180399 0.750073 0.750073 0.750073
2638.930908 -2.105225 2186.457764 0.000000 0.805521 0.000000 0.592567 0.750073 0.750073 0.750073
2626.190918 -0.866943 2259.446533 0.000000 0.987363 0.000000 0.158474 0.750073 0.750073 0.750073
2605.547607 -1.346191 2255.968994 0.000000 0.987363 0.000000 0.158474 0.750073 0.750073 0.750073
2591.803467 -0.509521 2239.500732 0.000000 0.987363 0.000000 0.158474 0.750073 0.750073 0.750073
2522.061035 -2.187744 2284.422119 0.000000 0.987363 0.000000 0.158474 0.750073 0.750073 0.750073
2507.545166 -2.187744 2292.838135 0.000000 0.987363 0.000000 0.158474 0.750073 0.750073 0.750073
2485.685547 -2.187744 2292.780029 0.000000 0.987363 0.000000 0.158474 0.750073 0.750073 0.750073
2551.601807 -0.509521 2237.106934 0.000000 0.987363 0.000000 0.158474 0.750073 0.750073 0.750073
2567.957520 -0.509521 2236.850830 0.000000 0.987363 0.000000 0.158474 0.750073 0.750073 0.750073
2356.820312 -21.867676 2170.959473 0.000000 -0.833938 0.000000 0.551858 8.371620 8.371620 8.371620
770.941711 -0.943848 2187.881592 0.000000 0.565402 0.000000 -0.824816 0.532356 0.532356 0.532356
759.333496 -0.943848 2188.861572 0.000000 0.565402 0.000000 -0.824816 0.532356 0.532356 0.532356
2578.662598 -1.689697 3814.369629 0.000000 0.000000 0.000000 1.000000 1.356763 1.356763 1.356763
2551.637207 -3.977539 3895.843262 0.000000 0.000000 0.000000 1.000000 1.356763 1.356763 1.356763
2551.170166 -3.977539 3879.679199 0.000000 0.000000 0.000000 1.000000 1.356763 1.356763 1.356763
"}
object={
	name="env_desert_plains"
	render_pass=Map
	clamp_to_water_level=yes
	generated_content=no
	layer="env_effect_layer"
	entity="env_desert_plains"
	count=9
	transform="2856.100830 -1.392334 2713.050781 0.000000 0.000000 0.000000 1.000000 0.360935 0.360935 0.360935
2898.121826 -1.392334 2787.164551 0.000000 0.000000 0.000000 1.000000 0.360935 0.360935 0.360935
2878.155518 -1.392334 2823.493652 0.000000 0.000000 0.000000 1.000000 0.360935 0.360935 0.360935
2824.574463 0.000000 2769.142090 0.000000 0.000000 0.000000 1.000000 0.360935 0.360935 0.360935
2837.492676 0.000000 2730.303223 0.000000 0.000000 0.000000 1.000000 0.505243 0.505243 0.505243
2878.292480 0.000000 2814.180176 0.000000 0.000000 0.000000 1.000000 0.505243 0.505243 0.505243
2862.071289 0.000000 2787.878174 0.000000 0.000000 0.000000 1.000000 0.505243 0.505243 0.505243
2853.723145 0.000000 2765.981445 0.000000 0.000000 0.000000 1.000000 0.505243 0.505243 0.505243
2842.154541 0.000000 2744.155029 0.000000 0.000000 0.000000 1.000000 0.505243 0.505243 0.505243
"}
object={
	name="env_desert_plains_ambient"
	render_pass=Map
	clamp_to_water_level=yes
	generated_content=no
	layer="env_effect_layer"
	entity="env_desert_plains_ambient"
	count=4
	transform="3086.441650 0.000000 1599.666748 0.000000 0.000000 0.000000 1.000000 0.185437 0.185437 0.185437
3137.359619 0.000000 1628.161377 0.000000 0.000000 0.000000 1.000000 0.218945 0.218945 0.218945
3288.025391 0.000000 1629.755005 0.000000 0.000000 0.000000 1.000000 0.362835 0.362835 0.362835
3257.235840 0.000000 1641.337524 0.000000 0.000000 0.000000 1.000000 0.444038 0.444038 0.444038
"}
object={
	name="env_forest_mountains"
	render_pass=Map
	clamp_to_water_level=yes
	generated_content=no
	layer="env_effect_mountains_layer"
	entity="env_mist_sun"
	count=35
	transform="1803.420166 3.948975 3651.763184 0.000000 -0.944957 0.000000 -0.327194 1.613892 1.613892 1.613892
959.490417 1.905273 5455.478516 0.000000 0.000000 0.000000 1.000000 1.000000 1.000000 1.000000
943.634338 1.905273 5497.589355 0.000000 0.000000 0.000000 1.000000 1.000000 1.000000 1.000000
946.958923 1.905273 5548.732422 0.000000 0.000000 0.000000 1.000000 1.000000 1.000000 1.000000
981.227173 1.905273 5524.687500 0.000000 0.000000 0.000000 1.000000 1.000000 1.000000 1.000000
959.426453 1.905273 5484.494141 0.000000 0.000000 0.000000 1.000000 1.000000 1.000000 1.000000
950.010803 1.905273 5433.980469 0.000000 0.000000 0.000000 1.000000 1.000000 1.000000 1.000000
916.066040 1.905273 5360.919922 0.000000 0.000000 0.000000 1.000000 1.000000 1.000000 1.000000
855.665649 1.905273 5310.096680 0.000000 0.000000 0.000000 1.000000 1.000000 1.000000 1.000000
1986.193237 2.339111 2422.726562 0.000000 0.000000 0.000000 1.000000 1.000000 1.000000 1.000000
1958.581421 2.339111 2479.509277 0.000000 0.000000 0.000000 1.000000 1.000000 1.000000 1.000000
2060.930176 2.339111 2474.334473 0.000000 0.000000 0.000000 1.000000 1.000000 1.000000 1.000000
2013.173706 2.339111 2450.093994 0.000000 0.000000 0.000000 1.000000 1.000000 1.000000 1.000000
1589.735229 8.919922 3697.699463 0.000000 0.000000 0.000000 1.000000 1.000000 1.000000 1.000000
2850.426270 0.171875 3425.576416 0.000000 0.000000 0.000000 1.000000 1.000000 1.000000 1.000000
2821.591553 3.924805 2453.260010 0.000000 0.000000 0.000000 1.000000 0.770610 0.770610 0.770610
2814.190674 2.409912 2453.721924 0.000000 0.000000 0.000000 1.000000 0.770610 0.770610 0.770610
2832.351562 1.769531 2470.557129 0.000000 0.000000 0.000000 1.000000 0.770610 0.770610 0.770610
2830.285889 0.800537 2462.324951 0.000000 0.000000 0.000000 1.000000 0.770610 0.770610 0.770610
2832.777588 1.232666 2464.339111 0.000000 0.000000 0.000000 1.000000 0.770610 0.770610 0.770610
2790.725586 0.883789 2454.794189 0.000000 0.000000 0.000000 1.000000 0.770610 0.770610 0.770610
2789.130615 0.883789 2445.259277 0.000000 0.000000 0.000000 1.000000 0.770610 0.770610 0.770610
2798.746094 0.883789 2448.253174 0.000000 0.000000 0.000000 1.000000 0.770610 0.770610 0.770610
2327.961914 0.000000 2335.662842 0.000000 0.849612 0.000000 -0.527408 3.586084 3.586084 3.586084
2426.424561 0.000000 2449.902344 0.000000 0.849612 0.000000 -0.527408 3.586084 3.586084 3.586084
2398.710205 0.000000 2427.947754 0.000000 0.849612 0.000000 -0.527408 3.586084 3.586084 3.586084
2728.789551 8.178223 3349.830322 0.000000 0.000000 0.000000 1.000000 3.562817 3.562817 3.562817
2755.034180 8.178223 3211.072266 0.000000 0.000000 0.000000 1.000000 3.562817 3.562817 3.562817
2817.572266 8.178223 3142.529541 0.000000 0.000000 0.000000 1.000000 3.562817 3.562817 3.562817
2762.824219 10.118408 3282.413086 0.000000 0.000000 0.000000 1.000000 1.000000 1.000000 1.000000
2743.866455 10.118408 3302.243652 0.000000 0.000000 0.000000 1.000000 1.000000 1.000000 1.000000
2713.544434 10.118408 3286.588867 0.000000 0.000000 0.000000 1.000000 1.000000 1.000000 1.000000
2738.991211 10.118408 3263.314697 0.000000 0.000000 0.000000 1.000000 1.000000 1.000000 1.000000
2736.627441 10.118408 3280.393311 0.000000 0.000000 0.000000 1.000000 1.000000 1.000000 1.000000
2734.639160 10.118408 3276.084473 0.000000 0.000000 0.000000 1.000000 1.000000 1.000000 1.000000
"}
object={
	name="env_mist_forest"
	render_pass=Map
	clamp_to_water_level=yes
	generated_content=no
	layer="env_effect_layer"
	entity="env_mist_sun"
	count=62
	transform="2141.059326 0.000000 3543.593506 0.000000 0.000000 0.000000 1.000000 1.000000 1.000000 1.000000
2175.089844 0.000000 3577.354980 0.000000 0.000000 0.000000 1.000000 1.000000 1.000000 1.000000
2209.466797 0.000000 3521.710693 0.000000 0.000000 0.000000 1.000000 1.000000 1.000000 1.000000
2249.520264 0.000000 3669.718750 0.000000 0.000000 0.000000 1.000000 1.206787 1.206787 1.206787
2298.471680 0.000000 3693.831543 0.000000 0.000000 0.000000 1.000000 1.000000 1.000000 1.000000
2285.832764 0.000000 3582.442383 0.000000 0.000000 0.000000 1.000000 1.330542 1.330542 1.330542
2338.371338 0.000000 3585.624756 0.000000 0.000000 0.000000 1.000000 1.000000 1.000000 1.000000
2334.714844 0.000000 3542.948242 0.000000 0.000000 0.000000 1.000000 1.000000 1.000000 1.000000
2247.077881 0.000000 3507.642090 0.000000 0.000000 0.000000 1.000000 0.526074 0.526074 0.526074
2514.567871 7.097168 3392.193604 0.000000 0.000000 0.000000 1.000000 1.584106 1.584106 1.584106
2478.031982 7.097168 3283.342529 0.000000 0.000000 0.000000 1.000000 1.584106 1.584106 1.584106
2454.266357 4.236084 3240.080322 0.000000 0.000000 0.000000 1.000000 1.584106 1.584106 1.584106
2501.034668 0.000000 3325.942383 0.000000 0.000000 0.000000 1.000000 1.584106 1.584106 1.584106
2541.392578 0.000000 3221.605469 0.000000 0.000000 0.000000 1.000000 0.730298 0.730298 0.730298
2553.317383 0.000000 3178.814697 0.000000 0.000000 0.000000 1.000000 1.000000 1.000000 1.000000
2614.138184 0.000000 3546.936279 0.000000 0.000000 0.000000 1.000000 1.000000 1.000000 1.000000
2608.238281 0.000000 3499.139893 0.000000 0.000000 0.000000 1.000000 1.000000 1.000000 1.000000
2617.245117 0.000000 3453.284180 0.000000 0.000000 0.000000 1.000000 1.000000 1.000000 1.000000
2644.100098 0.000000 3476.046631 0.000000 0.000000 0.000000 1.000000 0.657153 0.657153 0.657153
2770.654053 0.000000 3468.555176 0.000000 0.000000 0.000000 1.000000 1.218066 1.218066 1.218066
2857.515625 0.000000 3574.031738 0.000000 0.000000 0.000000 1.000000 1.000000 1.000000 1.000000
2910.022705 0.000000 3493.593018 0.000000 0.000000 0.000000 1.000000 1.000000 1.000000 1.000000
2897.871826 0.000000 3437.128906 0.000000 0.000000 0.000000 1.000000 1.000000 1.000000 1.000000
2931.056396 0.000000 3373.343506 0.000000 0.000000 0.000000 1.000000 1.000000 1.000000 1.000000
2903.949219 0.000000 3309.934082 0.000000 0.000000 0.000000 1.000000 1.136914 1.136914 1.136914
2922.193359 0.000000 3250.784668 0.000000 0.000000 0.000000 1.000000 1.000000 1.000000 1.000000
2976.541504 0.000000 3324.780518 0.000000 0.000000 0.000000 1.000000 1.000000 1.000000 1.000000
3039.523926 0.000000 3287.199463 0.000000 0.000000 0.000000 1.000000 1.000000 1.000000 1.000000
3080.075439 0.000000 3239.521484 0.000000 0.000000 0.000000 1.000000 1.000000 1.000000 1.000000
6140.701172 0.000000 1074.055420 0.000000 0.000000 0.000000 1.000000 1.000000 1.000000 1.000000
3206.026367 0.000000 2368.157471 0.000000 0.000000 0.000000 1.000000 2.267358 2.267358 2.267358
802.428162 2.239502 2244.244385 0.000000 -0.448017 0.000000 0.894025 0.288525 0.288525 0.288525
795.783264 2.239502 2242.848389 0.000000 -0.448017 0.000000 0.894025 0.288525 0.288525 0.288525
807.953857 2.239502 2258.802979 0.000000 -0.448017 0.000000 0.894025 0.288525 0.288525 0.288525
796.665833 2.239502 2247.982666 0.000000 -0.448017 0.000000 0.894025 0.288525 0.288525 0.288525
787.689575 2.239502 2233.896240 0.000000 -0.448017 0.000000 0.894025 0.288525 0.288525 0.288525
813.402954 2.239502 2261.200195 0.000000 -0.448017 0.000000 0.894025 0.288525 0.288525 0.288525
808.435059 2.239502 2255.656494 0.000000 -0.448017 0.000000 0.894025 0.288525 0.288525 0.288525
798.148621 2.239502 2246.814941 0.000000 -0.448017 0.000000 0.894025 0.288525 0.288525 0.288525
788.901489 2.239502 2234.059326 0.000000 -0.448017 0.000000 0.894025 0.288525 0.288525 0.288525
791.319458 2.239502 2238.715088 0.000000 -0.448017 0.000000 0.894025 0.288525 0.288525 0.288525
801.078979 2.239502 2249.785889 0.000000 -0.448017 0.000000 0.894025 0.288525 0.288525 0.288525
811.176208 2.239502 2260.133301 0.000000 -0.448017 0.000000 0.894025 0.288525 0.288525 0.288525
798.585632 2.239502 2247.969482 0.000000 -0.448017 0.000000 0.894025 0.288525 0.288525 0.288525
792.788574 2.239502 2238.176025 0.000000 -0.448017 0.000000 0.894025 0.288525 0.288525 0.288525
787.162476 2.239502 2230.402100 0.000000 -0.448017 0.000000 0.894025 0.288525 0.288525 0.288525
730.970398 9.928223 2169.965088 0.000000 -0.448017 0.000000 0.894025 1.000000 1.000000 1.000000
743.371277 9.928223 2170.948242 0.000000 -0.448017 0.000000 0.894025 1.000000 1.000000 1.000000
744.534363 9.928223 2171.404541 0.000000 -0.448017 0.000000 0.894025 1.000000 1.000000 1.000000
816.770081 8.816162 2214.704590 0.000000 -0.448017 0.000000 0.894025 1.000000 1.000000 1.000000
776.215637 8.816162 2238.192627 0.000000 -0.448017 0.000000 0.894025 1.000000 1.000000 1.000000
805.344849 9.928223 2210.165283 0.000000 -0.448017 0.000000 0.894025 1.000000 1.000000 1.000000
754.556030 9.928223 2175.650391 0.000000 -0.448017 0.000000 0.894025 1.000000 1.000000 1.000000
745.677185 9.928223 2185.467773 0.000000 -0.448017 0.000000 0.894025 1.000000 1.000000 1.000000
773.388489 9.928223 2218.258545 0.000000 -0.448017 0.000000 0.894025 1.000000 1.000000 1.000000
768.803284 9.928223 2211.349365 0.000000 -0.448017 0.000000 0.894025 1.000000 1.000000 1.000000
767.738037 9.928223 2203.271729 0.000000 -0.448017 0.000000 0.894025 1.000000 1.000000 1.000000
762.091309 2.723633 2196.561279 0.000000 -0.448017 0.000000 0.894025 1.000000 1.000000 1.000000
771.100464 2.723633 2198.241699 0.000000 -0.448017 0.000000 0.894025 1.000000 1.000000 1.000000
766.851868 2.723633 2192.218506 0.000000 -0.448017 0.000000 0.894025 1.000000 1.000000 1.000000
769.446228 2.723633 2203.832520 0.000000 -0.448017 0.000000 0.894025 1.000000 1.000000 1.000000
772.726990 2.723633 2214.688965 0.000000 -0.448017 0.000000 0.894025 1.000000 1.000000 1.000000
"}
object={
	name="env_snow_mountains"
	render_pass=MapUnderWater
	clamp_to_water_level=yes
	generated_content=no
	layer="env_effect_mountains_layer"
	entity="env_snow_mountains"
	count=66
	transform="1421.408691 -2.034424 3447.551514 0.000000 0.000000 0.000000 1.000000 0.549879 0.549879 0.549879
1657.896606 0.000000 3513.844482 0.000000 0.000000 0.000000 1.000000 1.000000 1.000000 1.000000
1670.635864 0.000000 3479.249023 0.000000 0.000000 0.000000 1.000000 0.716406 0.716406 0.716406
1701.415771 1.303711 3504.849609 0.000000 0.000000 0.000000 1.000000 0.640674 0.640674 0.640674
1666.953857 0.000000 3575.765869 0.000000 0.000000 0.000000 1.000000 0.420435 0.420435 0.420435
1925.420410 7.143066 3670.764160 0.000000 -0.902194 0.000000 0.431330 1.133635 1.133635 1.133635
1783.560669 1.014160 3598.539795 0.000000 0.509705 0.000000 -0.860349 1.486987 1.486987 1.486987
1852.724609 0.000000 3813.276123 0.000000 0.000000 0.000000 1.000000 0.755225 0.755225 0.755225
1977.188599 7.737305 3698.016113 0.000000 0.619405 0.000000 0.785072 1.000000 1.000000 1.000000
1882.649536 13.383057 3643.293213 -0.000000 0.084904 0.000000 0.996389 1.000000 1.000000 1.000000
1611.089966 -0.935791 2393.111084 0.000000 0.000000 0.000000 1.000000 0.394219 0.394219 0.394219
1702.495850 -1.615356 2037.928833 0.000000 0.000000 0.000000 1.000000 0.570837 0.570837 0.570837
1744.588745 -1.685913 1986.523682 0.000000 0.000000 0.000000 1.000000 0.340351 0.340351 0.340351
1969.579712 -0.405030 2541.567627 0.000000 -0.525328 0.000000 0.850900 0.265508 0.265508 0.265508
1958.802368 -0.405030 2565.818359 0.000000 -0.525328 0.000000 0.850900 0.265508 0.265508 0.265508
1832.175781 2.047607 2599.050293 0.000000 -0.228731 0.000000 0.973490 0.265508 0.265508 0.265508
1787.405762 -0.104248 2564.179688 0.000000 -0.228731 0.000000 0.973490 0.265508 0.265508 0.265508
1760.354126 0.350342 2507.945557 0.000000 -0.228731 0.000000 0.973490 0.265508 0.265508 0.265508
578.333374 -1.607666 2114.332031 0.000000 0.000000 0.000000 1.000000 0.368213 0.368213 0.368213
2217.422363 -0.939575 1791.980835 0.000000 -0.381951 0.000000 0.924182 0.287561 0.287561 0.287561
2205.029297 -0.939575 1806.639038 0.000000 -0.381951 0.000000 0.924182 0.287561 0.287561 0.287561
2125.221680 -0.939575 1865.812378 0.000000 -0.381951 0.000000 0.924182 0.287561 0.287561 0.287561
2107.388916 -0.939575 1857.372314 0.000000 0.031001 0.000000 0.999519 0.287561 0.287561 0.287561
2096.169189 -0.939575 1872.979492 0.000000 0.031001 0.000000 0.999519 0.287561 0.287561 0.287561
2345.084961 -0.956421 1976.206909 0.000000 0.230365 0.000000 0.973104 0.287561 0.287561 0.287561
2226.399902 -0.956421 1950.155518 0.000000 0.230365 0.000000 0.973104 0.287561 0.287561 0.287561
2204.634766 -0.380371 1933.840332 0.000000 0.000000 0.000000 1.000000 0.287561 0.287561 0.287561
2136.469971 -1.619019 1993.558960 0.000000 0.000000 0.000000 1.000000 0.287561 0.287561 0.287561
2088.376709 -1.619019 2035.597290 0.000000 0.000000 0.000000 1.000000 0.287561 0.287561 0.287561
2357.711670 -0.981445 2071.608887 0.000000 -0.478434 0.000000 0.878123 0.293530 0.293530 0.293530
2334.117920 -0.981445 2071.758789 0.000000 -0.478434 0.000000 0.878123 0.293530 0.293530 0.293530
2210.558594 -0.804932 2341.920410 0.000000 -0.253520 0.000000 0.967330 0.312969 0.312969 0.312969
2211.981201 -0.804932 2360.864014 0.000000 -0.253520 0.000000 0.967330 0.312969 0.312969 0.312969
2204.208984 -1.614258 2384.384766 0.000000 -0.253520 0.000000 0.967330 0.312969 0.312969 0.312969
2263.380859 -1.547607 2434.138916 0.000000 -0.253520 0.000000 0.967330 0.312969 0.312969 0.312969
2754.281250 -0.244873 1711.908081 0.000000 -0.170850 0.000000 0.985297 0.198864 0.198864 0.198864
3043.704590 -0.812500 1782.571045 0.000000 -0.256884 0.000000 0.966442 0.242041 0.242041 0.242041
3063.996826 -1.679932 1789.212158 0.000000 -0.256884 0.000000 0.966442 0.242041 0.242041 0.242041
2941.779785 0.625366 1808.078491 0.000000 -0.256884 0.000000 0.966442 0.242041 0.242041 0.242041
2925.880615 0.099976 1757.646973 0.000000 -0.256884 0.000000 0.966442 0.242041 0.242041 0.242041
2885.091797 -0.625366 1717.989868 0.000000 -0.256884 0.000000 0.966442 0.242041 0.242041 0.242041
2869.705811 0.000000 1701.371582 0.000000 -0.256884 0.000000 0.966442 0.242041 0.242041 0.242041
2780.677246 0.000000 1687.613525 0.000000 -0.256884 0.000000 0.966442 0.288723 0.288723 0.288723
3178.361816 -2.193115 2178.195068 0.000000 0.000000 0.000000 1.000000 0.363397 0.363397 0.363397
1052.534424 3.920898 5064.518555 0.000000 0.237471 0.000000 0.971395 1.000000 1.000000 1.000000
954.598938 34.112305 5631.946289 0.000000 0.000000 0.000000 1.000000 2.969043 2.969043 2.969043
1451.292603 21.262695 4975.171387 0.000000 0.383291 0.000000 0.923628 1.000000 1.000000 1.000000
1484.753174 21.262695 5038.482910 0.000000 0.383291 0.000000 0.923628 1.000000 1.000000 1.000000
1403.568237 21.262695 5160.050781 0.000000 0.383291 0.000000 0.923628 1.000000 1.000000 1.000000
1583.013672 21.262695 5094.663574 0.000000 0.383291 0.000000 0.923628 1.000000 1.000000 1.000000
1540.352539 21.262695 5104.143555 0.000000 0.383291 0.000000 0.923628 1.000000 1.000000 1.000000
1533.820312 21.262695 5090.663086 0.000000 0.383291 0.000000 0.923628 1.000000 1.000000 1.000000
1500.864136 21.262695 4960.660156 0.000000 0.383291 0.000000 0.923628 1.000000 1.000000 1.000000
1424.949585 21.262695 4920.130859 0.000000 0.383291 0.000000 0.923628 1.000000 1.000000 1.000000
1436.087646 21.262695 5031.752441 0.000000 0.383291 0.000000 0.923628 1.000000 1.000000 1.000000
1440.043457 21.262695 5120.648926 0.000000 0.383291 0.000000 0.923628 1.000000 1.000000 1.000000
904.949341 1.335938 5346.671387 0.000000 -0.618488 0.000000 0.785794 1.000000 1.000000 1.000000
888.450684 1.335938 5328.279785 0.000000 -0.618488 0.000000 0.785794 1.000000 1.000000 1.000000
1004.107544 1.335938 5527.221680 0.000000 -0.618488 0.000000 0.785794 1.000000 1.000000 1.000000
979.295776 1.335938 5516.397461 0.000000 -0.618488 0.000000 0.785794 1.000000 1.000000 1.000000
961.484802 1.335938 5520.618652 0.000000 -0.618488 0.000000 0.785794 1.000000 1.000000 1.000000
978.529480 1.335938 5484.957031 0.000000 -0.618488 0.000000 0.785794 1.000000 1.000000 1.000000
964.096558 1.335938 5461.589355 0.000000 -0.618488 0.000000 0.785794 1.000000 1.000000 1.000000
947.249329 1.335938 5443.717285 0.000000 -0.618488 0.000000 0.785794 1.000000 1.000000 1.000000
935.318848 1.335938 5407.072754 0.000000 -0.618488 0.000000 0.785794 1.000000 1.000000 1.000000
1782.920898 -15.303467 4024.386719 0.000000 -0.990215 0.000000 -0.139547 6.476294 6.476294 6.476294
"}
object={
	name="env_snow_plains"
	render_pass=Map
	clamp_to_water_level=yes
	generated_content=no
	layer="env_effect_layer"
	entity="env_snow_plains"
	count=0
}
object={
	name="env_snow_plains_ambient"
	render_pass=Map
	clamp_to_water_level=yes
	generated_content=no
	layer="env_effect_layer"
	entity="env_snow_plains_ambient"
	count=3
	transform="2985.886475 0.000000 3416.119141 0.000000 0.000000 0.000000 1.000000 1.000000 1.000000 1.000000
3104.511230 -1.886475 3314.667480 0.000000 0.000000 0.000000 1.000000 1.000000 1.000000 1.000000
3064.282715 0.000000 3343.435303 0.000000 0.000000 0.000000 1.000000 1.000000 1.000000 1.000000
"}
object={
	name="Far North Snow FX"
	render_pass=Map
	clamp_to_water_level=no
	generated_content=no
	layer="env_effect_mountains_layer"
	entity="env_snow_plains"
	count=29
	transform="1507.837646 -0.694824 5804.890625 0.000000 0.285741 0.000000 0.958307 3.630193 3.630193 3.630193
1357.456543 73.085938 5589.674316 0.000000 0.285741 0.000000 0.958307 6.018652 6.018652 6.018652
1487.819824 41.382324 5385.894531 0.000000 0.677003 0.000000 0.735980 4.535890 4.535890 4.535890
1249.748169 15.737305 5995.436035 0.000000 0.000000 0.000000 1.000000 0.936035 0.936035 0.936035
1207.963623 15.737305 5896.484863 0.000000 0.000000 0.000000 1.000000 0.936035 0.936035 0.936035
1146.963135 15.737305 5887.935547 0.000000 0.000000 0.000000 1.000000 0.936035 0.936035 0.936035
1077.850220 15.737305 6005.099609 0.000000 0.000000 0.000000 1.000000 0.936035 0.936035 0.936035
1079.421021 15.737305 5959.796875 0.000000 0.000000 0.000000 1.000000 0.936035 0.936035 0.936035
1102.546875 15.737305 5927.476562 0.000000 0.000000 0.000000 1.000000 0.936035 0.936035 0.936035
1006.660767 15.737305 6021.662598 0.000000 0.000000 0.000000 1.000000 0.936035 0.936035 0.936035
1138.213623 0.000000 6036.025391 0.000000 0.000000 0.000000 1.000000 0.936035 0.936035 0.936035
1189.361206 0.000000 5932.084961 0.000000 0.000000 0.000000 1.000000 0.096973 0.096973 0.096973
1180.736450 0.000000 5939.243652 0.000000 0.000000 0.000000 1.000000 0.181569 0.181569 0.181569
1206.863159 0.000000 5988.459961 0.000000 0.000000 0.000000 1.000000 0.151660 0.151660 0.151660
1148.167847 0.000000 5995.296875 0.000000 0.000000 0.000000 1.000000 0.151660 0.151660 0.151660
1125.177612 0.000000 5958.033203 0.000000 0.000000 0.000000 1.000000 0.151660 0.151660 0.151660
1349.029907 0.256348 4705.004395 0.000000 0.059886 0.000000 0.998205 0.049664 0.049664 0.049664
1346.413452 -0.413086 4705.344727 0.000000 0.059886 0.000000 0.998205 0.066964 0.066964 0.066964
1348.664795 1.017578 4704.804199 0.000000 0.052177 0.000000 0.998638 0.051300 0.051300 0.051300
1346.788818 1.017578 4705.323242 0.000000 0.052177 0.000000 0.998638 0.051300 0.051300 0.051300
1342.896118 1.571289 4700.698730 0.000000 0.059886 0.000000 0.998205 0.096832 0.096832 0.096832
1343.930664 0.161621 4735.296387 0.000000 0.000000 0.000000 1.000000 0.159683 0.159683 0.159683
1329.044678 0.242920 3932.974609 0.000000 0.019561 0.000000 0.999809 0.143735 0.143735 0.143735
1589.360840 -0.988525 3665.384766 0.000000 0.000000 0.000000 1.000000 0.268027 0.268027 0.268027
1544.699219 -0.988525 3698.815186 0.000000 0.000000 0.000000 1.000000 0.268027 0.268027 0.268027
1603.315674 -0.988525 3783.862061 0.000000 0.000000 0.000000 1.000000 0.268027 0.268027 0.268027
1546.278931 0.555176 3787.362793 0.000000 0.000000 0.000000 1.000000 0.268027 0.268027 0.268027
1906.539307 0.000000 3390.227051 0.000000 -0.396891 0.000000 0.917866 0.436914 0.436914 0.436914
1816.221436 0.000000 3388.236572 0.000000 -0.396891 0.000000 0.917866 0.436914 0.436914 0.436914
"}
object={
	name="Far North Snow FX 01"
	render_pass=Map
	clamp_to_water_level=no
	generated_content=no
	layer="env_effect_mountains_layer"
	entity="env_snow_plains_ambient"
	count=28
	transform="1721.603149 -3.389648 5357.459473 0.000000 0.617785 0.000000 0.786347 2.657549 2.657549 2.657549
1724.026978 -3.389648 5400.275879 0.000000 0.617785 0.000000 0.786347 2.657549 2.657549 2.657549
1766.023682 18.823730 3423.860107 0.000000 0.101000 0.000000 -0.994887 0.619482 0.619482 0.619482
1656.539917 5.246826 3570.346924 0.000000 -0.330043 0.000000 0.943965 0.393726 0.393726 0.393726
1591.731323 -2.062257 3633.299316 0.000000 0.064521 0.000000 -0.997917 0.251125 0.251125 0.251125
1637.671509 8.905029 3591.842529 0.000000 -0.396190 0.000000 0.918169 0.352365 0.352365 0.352365
1820.774170 8.273682 3728.054443 0.000000 -0.974906 0.000000 0.222617 0.473389 0.473389 0.473389
1756.415649 19.009277 3469.543701 0.000000 0.000000 0.000000 1.000000 0.422705 0.422705 0.422705
1850.217163 -2.149658 3395.247314 0.000000 0.641862 0.000000 -0.766820 0.262168 0.262168 0.262168
814.311157 25.465332 5504.699219 0.000000 0.000000 0.000000 1.000000 1.000000 1.000000 1.000000
1071.742065 25.465332 5431.741211 0.000000 0.000000 0.000000 1.000000 1.000000 1.000000 1.000000
1211.887695 -16.611328 6025.321289 0.000000 0.966308 0.000000 -0.257389 0.642173 0.642173 0.642173
1193.326782 -8.300293 6020.909180 0.000000 0.966308 0.000000 -0.257389 0.328727 0.328727 0.328727
1196.913086 -8.300293 6022.129395 0.000000 0.966308 0.000000 -0.257389 0.328727 0.328727 0.328727
1184.371704 -8.300293 6025.796387 0.000000 0.966308 0.000000 -0.257389 0.328727 0.328727 0.328727
1202.579712 -8.300293 6020.688477 0.000000 0.966308 0.000000 -0.257389 0.328727 0.328727 0.328727
1190.394897 -8.300293 6022.051270 0.000000 0.966308 0.000000 -0.257389 0.328727 0.328727 0.328727
1089.762329 -9.209473 6009.023926 0.000000 0.740563 0.000000 0.671987 0.686734 0.686734 0.686734
1110.615601 0.000000 6021.551270 0.000000 0.740563 0.000000 0.671987 0.243909 0.243909 0.243909
1103.922485 0.000000 6013.825195 0.000000 0.740563 0.000000 0.671987 0.243909 0.243909 0.243909
1097.830688 0.000000 5990.211914 0.000000 0.740563 0.000000 0.671987 0.243909 0.243909 0.243909
1097.066406 0.000000 6004.055664 0.000000 0.740563 0.000000 0.671987 0.243909 0.243909 0.243909
1105.322754 0.000000 6015.485352 0.000000 0.740563 0.000000 0.671987 0.243909 0.243909 0.243909
1102.863159 0.000000 6011.253418 0.000000 0.740563 0.000000 0.671987 0.243909 0.243909 0.243909
1096.380127 0.000000 5999.377441 0.000000 0.740563 0.000000 0.671987 0.243909 0.243909 0.243909
1093.891602 0.000000 5986.181641 0.000000 0.740563 0.000000 0.671987 0.243909 0.243909 0.243909
1698.041138 2.410400 3530.861572 0.000000 -0.436830 0.000000 0.899544 0.298071 0.298071 0.298071
1788.157837 0.000000 3597.014160 0.000000 -0.426439 0.000000 0.904517 0.388721 0.388721 0.388721
"}
object={
	name="waterfall"
	render_pass=Map
	clamp_to_water_level=no
	generated_content=no
	layer="coast_foam_layer"
	entity="waterfall"
	count=203
	transform="1103.535645 1.402100 3385.473877 0.000000 0.910803 0.000000 -0.412842 1.326855 1.326855 1.326855
1609.089233 0.770996 3649.003906 0.000000 0.875000 0.000000 -0.484123 1.000000 1.000000 1.000000
1534.186890 1.574707 5113.537109 0.000000 -0.663288 0.000000 0.748364 1.596855 1.596855 1.596855
1530.767578 1.574707 5113.848633 0.000000 -0.663288 0.000000 0.748364 1.596855 1.596855 1.596855
1528.370483 1.574707 5114.005859 0.000000 -0.663288 0.000000 0.748364 1.596855 1.596855 1.596855
1312.567017 0.802246 5313.345215 0.000000 -0.864467 0.000000 -0.502690 1.658789 1.658789 1.658789
1318.033691 2.838379 5312.161133 0.000000 -0.864467 0.000000 -0.502690 1.658789 1.658789 1.658789
1070.286499 4.784668 5359.639648 0.000000 -0.184358 0.000000 -0.982859 2.179101 2.179101 2.179101
1073.174072 4.784668 5357.478516 0.000000 -0.378601 0.000000 -0.925560 2.179101 2.179101 2.179101
1069.419434 4.784668 5359.946777 0.000000 0.275055 0.000000 -0.961428 2.179101 2.179101 2.179101
972.127075 4.784668 5282.602051 0.000000 0.275055 0.000000 -0.961428 2.179101 2.179101 2.179101
957.396606 4.784668 5394.599121 0.000000 -0.885618 0.000000 -0.464414 2.179101 2.179101 2.179101
1018.172241 4.784668 5483.169922 0.000000 -0.885618 0.000000 -0.464414 2.179101 2.179101 2.179101
1057.833252 4.784668 5535.221191 0.000000 -0.885618 0.000000 -0.464414 2.179101 2.179101 2.179101
1029.521729 7.985840 5610.761230 0.000000 0.091963 0.000000 -0.995762 2.179101 2.179101 2.179101
938.845581 5.967285 5607.384766 0.000000 -0.209042 0.000000 -0.977907 2.179101 2.179101 2.179101
693.604492 3.536621 5499.207031 0.000000 0.601375 0.000000 0.798967 1.533652 1.533652 1.533652
692.677185 3.536621 5430.623047 0.000000 0.601375 0.000000 0.798967 1.533652 1.533652 1.533652
803.574463 3.536621 5390.433594 -0.000000 -0.022040 0.000000 0.999757 1.533652 1.533652 1.533652
839.259583 3.536621 5373.169434 0.000000 -0.260648 0.000000 -0.965434 1.533652 1.533652 1.533652
887.817200 3.536621 5577.533203 0.000000 0.499875 0.000000 -0.866098 1.533652 1.533652 1.533652
904.930176 3.536621 5444.566895 0.000000 0.499875 0.000000 -0.866098 1.533652 1.533652 1.533652
906.434326 3.536621 5436.580078 0.000000 -0.730969 0.000000 0.682411 1.190419 1.190419 1.190419
912.685669 3.536621 5495.773438 0.000000 -0.730969 0.000000 0.682411 1.190419 1.190419 1.190419
810.022644 2.792969 5679.314941 -0.000000 0.145845 0.000000 0.989307 1.489893 1.489893 1.489893
872.396484 2.792969 5672.216309 0.000000 -0.564968 0.000000 -0.825113 1.489893 1.489893 1.489893
1111.468262 1.560059 5956.414551 0.000000 -0.870224 0.000000 0.492657 1.188002 1.188002 1.188002
1109.138428 1.560059 5954.678223 0.000000 -0.723501 0.000000 0.690323 1.188002 1.188002 1.188002
1106.091064 1.560059 5954.469238 0.000000 -0.723501 0.000000 0.690323 1.188002 1.188002 1.188002
1103.700073 1.560059 5954.446777 0.000000 -0.723501 0.000000 0.690323 1.188002 1.188002 1.188002
1112.889648 1.332031 5957.609863 0.000000 0.854778 0.000000 -0.518994 1.000000 1.000000 1.000000
1090.952026 2.879883 5957.018555 0.000000 -0.254929 0.000000 0.966960 1.000000 1.000000 1.000000
1765.220093 -0.348389 3466.908447 0.000000 0.950249 0.000000 -0.311491 0.967749 0.967749 0.967749
1764.432617 -0.348389 3465.354736 0.000000 0.950249 0.000000 -0.311491 0.967749 0.967749 0.967749
1763.359009 -0.348389 3463.202881 0.000000 0.950249 0.000000 -0.311491 0.967749 0.967749 0.967749
1762.868042 -0.348389 3462.221680 0.000000 0.950249 0.000000 -0.311491 0.967749 0.967749 0.967749
1762.053467 0.572021 3460.585693 0.000000 0.950249 0.000000 -0.311491 0.967749 0.967749 0.967749
1761.334961 -0.304443 3459.027344 0.000000 0.950249 0.000000 -0.311491 0.967749 0.967749 0.967749
1760.012329 -0.304443 3456.281982 0.000000 0.950249 0.000000 -0.311491 0.967749 0.967749 0.967749
1758.779175 0.651123 3454.409180 0.000000 0.997528 0.000000 0.070265 1.000000 1.000000 1.000000
1758.744751 1.634033 3451.566650 0.000000 0.997528 0.000000 0.070265 1.000000 1.000000 1.000000
1758.957397 3.105225 3448.857666 0.000000 0.997528 0.000000 0.070265 1.000000 1.000000 1.000000
819.776489 0.421387 4671.930176 0.000000 -0.937540 0.000000 -0.347877 1.000000 1.000000 1.000000
818.166687 2.464844 4673.865234 0.000000 -0.937540 0.000000 -0.347877 1.000000 1.000000 1.000000
1099.348633 -0.424316 2262.179199 0.000000 -0.548019 0.000000 0.836466 1.000000 1.000000 1.000000
1098.003784 -0.424316 2262.266846 0.000000 -0.548019 0.000000 0.836466 1.000000 1.000000 1.000000
2180.481934 0.317871 2675.096680 0.000000 0.828077 0.000000 -0.560615 1.000000 1.000000 1.000000
2186.551025 1.755127 2679.106934 0.000000 0.828077 0.000000 -0.560615 1.000000 1.000000 1.000000
2184.685303 0.438721 2678.043945 0.000000 0.828077 0.000000 -0.560615 1.000000 1.000000 1.000000
2183.438477 0.438721 2677.097412 0.000000 0.828077 0.000000 -0.560615 1.000000 1.000000 1.000000
2182.299805 0.438721 2676.308594 0.000000 0.828077 0.000000 -0.560615 1.000000 1.000000 1.000000
2181.315674 0.280029 2675.665283 0.000000 0.828077 0.000000 -0.560615 1.000000 1.000000 1.000000
2180.184326 0.280029 2674.805420 0.000000 0.828077 0.000000 -0.560615 1.000000 1.000000 1.000000
2179.364502 0.280029 2674.437744 0.000000 0.828077 0.000000 -0.560615 1.000000 1.000000 1.000000
2178.597900 -0.040771 2674.148438 0.000000 0.828077 0.000000 -0.560615 1.000000 1.000000 1.000000
2177.805176 -0.040771 2673.591064 0.000000 0.828077 0.000000 -0.560615 1.000000 1.000000 1.000000
2168.702148 -0.269775 2636.836182 0.000000 0.380250 0.000000 -0.924884 1.564722 1.564722 1.564722
2170.059814 1.291992 2635.918457 0.000000 0.491876 0.000000 -0.870665 1.564722 1.564722 1.564722
2172.118896 1.000488 2634.887207 0.000000 0.491876 0.000000 -0.870665 1.564722 1.564722 1.564722
2139.167480 0.496582 2673.165039 0.000000 0.665945 0.000000 0.746001 1.564722 1.564722 1.564722
2148.539062 -1.130371 2675.236328 -0.000000 0.543563 0.000000 0.839368 1.564722 1.564722 1.564722
2143.502686 -1.130371 2672.707520 0.000000 -0.617419 0.000000 -0.786634 1.564722 1.564722 1.564722
2146.179443 -1.130371 2672.878906 0.000000 0.450573 0.000000 0.892740 1.564722 1.564722 1.564722
2148.122070 -0.830322 2674.058838 0.000000 0.450573 0.000000 0.892740 1.564722 1.564722 1.564722
2150.437988 -0.428955 2675.498779 0.000000 0.450573 0.000000 0.892740 1.000000 1.000000 1.000000
2151.681396 -0.162354 2676.163818 0.000000 0.450573 0.000000 0.892740 1.000000 1.000000 1.000000
2152.946533 -0.162354 2676.935303 0.000000 0.450573 0.000000 0.892740 1.000000 1.000000 1.000000
2154.373047 0.357666 2677.872803 0.000000 0.228196 0.000000 0.973615 1.000000 1.000000 1.000000
2154.881104 0.357666 2679.300293 0.000000 0.386825 0.000000 0.922153 1.000000 1.000000 1.000000
2155.629639 0.357666 2680.103516 0.000000 0.386825 0.000000 0.922153 1.000000 1.000000 1.000000
2158.887939 -0.522461 2740.998779 0.000000 -0.981638 0.000000 -0.190753 1.000000 1.000000 1.000000
2157.757568 -0.522461 2742.471924 0.000000 -0.981638 0.000000 -0.190753 1.000000 1.000000 1.000000
2162.735107 0.893799 2750.302002 0.000000 -0.951165 0.000000 0.308683 1.000000 1.000000 1.000000
2162.082275 -0.399658 2749.536133 0.000000 -0.951165 0.000000 0.308683 1.000000 1.000000 1.000000
2161.093262 -0.354980 2747.703369 0.000000 -0.951165 0.000000 0.308683 1.000000 1.000000 1.000000
2159.376953 0.159668 2745.889404 0.000000 -0.983089 0.000000 0.183130 1.000000 1.000000 1.000000
2158.234619 0.994141 2743.802734 0.000000 -0.996124 0.000000 0.087955 1.000000 1.000000 1.000000
2157.986572 -1.089355 2741.323975 0.000000 -0.948083 0.000000 -0.318023 1.000000 1.000000 1.000000
2159.639893 0.722656 2739.947510 0.000000 -0.974093 0.000000 -0.226150 1.000000 1.000000 1.000000
2160.210693 1.463379 2737.923340 0.000000 -0.999378 0.000000 0.035267 1.000000 1.000000 1.000000
2159.689941 0.618164 2737.164795 0.000000 -0.999378 0.000000 0.035267 1.000000 1.000000 1.000000
2029.921631 -1.393555 2519.883057 0.000000 -0.953903 0.000000 -0.300116 1.000000 1.000000 1.000000
2030.430420 -1.363525 2518.546143 0.000000 -0.825269 0.000000 -0.564739 1.000000 1.000000 1.000000
2042.436768 -1.393555 2491.031250 0.000000 -0.953903 0.000000 -0.300116 1.000000 1.000000 1.000000
2042.945557 -1.363525 2489.694336 0.000000 -0.825269 0.000000 -0.564739 1.000000 1.000000 1.000000
2015.738525 -1.393555 2386.422852 0.000000 0.291030 0.000000 0.956714 1.000000 1.000000 1.000000
1990.662354 -1.087158 2451.968750 0.000000 0.517064 0.000000 -0.855946 1.001779 1.001779 1.001779
2051.399414 -1.216797 2440.768799 0.000000 0.617911 0.000000 -0.786248 1.250659 1.250659 1.250659
2016.800415 -1.363525 2387.381348 0.000000 0.000000 0.000000 1.000000 1.000000 1.000000 1.000000
1950.990479 1.101318 2627.048828 0.000000 -0.538006 0.000000 0.842941 1.448665 1.448665 1.448665
1950.404541 1.101318 2627.712158 0.000000 -0.538006 0.000000 0.842941 1.448665 1.448665 1.448665
1949.351074 -0.313721 2628.385010 0.000000 -0.538006 0.000000 0.842941 1.448665 1.448665 1.448665
2002.192871 0.059082 2664.575439 0.000000 -0.648453 0.000000 0.761254 1.448665 1.448665 1.448665
2005.309082 0.243164 2663.967041 0.000000 -0.648453 0.000000 0.761254 1.448665 1.448665 1.448665
2003.182129 0.243164 2664.240479 0.000000 -0.648453 0.000000 0.761254 1.448665 1.448665 1.448665
2000.864502 -0.171143 2664.834717 0.000000 -0.648453 0.000000 0.761254 1.448665 1.448665 1.448665
1999.013062 -0.171143 2665.064697 0.000000 -0.703517 0.000000 0.710678 1.448665 1.448665 1.448665
1037.712036 -2.739014 2543.624023 0.000000 0.364312 0.000000 0.931277 2.052173 2.052173 2.052173
1037.119141 -2.360107 2540.399658 0.000000 0.208302 0.000000 0.978064 2.052173 2.052173 2.052173
1035.891479 -2.430664 2538.349609 0.000000 0.208302 0.000000 0.978064 2.052173 2.052173 2.052173
1046.897095 0.095947 2539.758545 0.000000 0.000000 0.000000 1.000000 2.052173 2.052173 2.052173
1043.773804 0.095947 2539.937744 0.000000 0.000000 0.000000 1.000000 2.052173 2.052173 2.052173
1043.895020 0.534912 2538.269043 0.000000 0.000000 0.000000 1.000000 2.052173 2.052173 2.052173
1046.769775 0.534912 2538.024658 0.000000 0.000000 0.000000 1.000000 2.052173 2.052173 2.052173
1044.235229 0.530273 2547.869873 0.000000 0.000000 0.000000 1.000000 0.565785 0.565785 0.565785
1046.029907 0.530273 2547.878418 0.000000 0.000000 0.000000 1.000000 0.565785 0.565785 0.565785
1045.299805 0.530273 2547.566406 0.000000 0.000000 0.000000 1.000000 0.565785 0.565785 0.565785
1044.765259 0.530273 2547.447754 0.000000 0.000000 0.000000 1.000000 0.565785 0.565785 0.565785
1045.928467 0.530273 2548.525391 0.000000 0.000000 0.000000 1.000000 0.565785 0.565785 0.565785
1045.393188 0.530273 2548.549561 0.000000 0.000000 0.000000 1.000000 0.565785 0.565785 0.565785
1044.967407 0.530273 2548.506104 0.000000 0.000000 0.000000 1.000000 0.565785 0.565785 0.565785
1044.260864 0.530273 2548.182129 0.000000 0.000000 0.000000 1.000000 0.565785 0.565785 0.565785
1040.961426 0.000000 2546.482666 0.000000 0.567880 0.000000 0.823112 1.000000 1.000000 1.000000
819.069519 1.026367 4672.788086 0.000000 0.942740 0.000000 0.333530 1.000000 1.000000 1.000000
1486.328613 -0.659180 3767.053955 0.000000 -0.993877 0.000000 -0.110496 1.000000 1.000000 1.000000
1486.544678 -0.026855 3765.695557 0.000000 -0.993877 0.000000 -0.110496 1.000000 1.000000 1.000000
1487.003052 -0.473389 3764.664795 0.000000 -0.993877 0.000000 -0.110496 1.000000 1.000000 1.000000
1487.033203 -0.473389 3764.711426 0.000000 -0.993877 0.000000 -0.110496 1.000000 1.000000 1.000000
1487.427979 -1.075439 3763.034912 0.000000 -0.993877 0.000000 -0.110496 1.000000 1.000000 1.000000
1487.038452 -1.075439 3763.753662 0.000000 -0.993877 0.000000 -0.110496 1.000000 1.000000 1.000000
1487.400879 -1.075439 3762.084229 0.000000 -0.993877 0.000000 -0.110496 1.000000 1.000000 1.000000
1431.111572 0.022949 3695.285645 0.000000 0.778242 0.000000 0.627965 1.000000 1.000000 1.000000
1438.969360 1.114014 3694.955566 0.000000 0.815380 0.000000 0.578927 1.000000 1.000000 1.000000
1467.643677 -0.744873 3650.016113 0.000000 0.472407 0.000000 0.881381 1.000000 1.000000 1.000000
1468.799438 0.113770 3650.809082 0.000000 0.472407 0.000000 0.881381 1.000000 1.000000 1.000000
1470.083008 0.216309 3651.344727 0.000000 0.472407 0.000000 0.881381 1.000000 1.000000 1.000000
1105.741089 1.683838 3386.111572 0.000000 -0.816112 0.000000 0.577894 1.835522 1.835522 1.835522
1604.091919 0.684326 3445.426025 0.000000 -0.925244 0.000000 -0.379373 1.000000 1.000000 1.000000
1605.173462 0.684326 3443.667236 0.000000 -0.849789 0.000000 -0.527122 1.000000 1.000000 1.000000
1605.269409 -0.513916 3442.884766 0.000000 -0.849789 0.000000 -0.527122 1.000000 1.000000 1.000000
1158.292847 1.258301 3507.178467 0.000000 -0.890520 0.000000 -0.454944 1.000000 1.000000 1.000000
1157.646118 1.258301 3506.535889 0.000000 -0.890520 0.000000 -0.454944 1.000000 1.000000 1.000000
1158.524902 1.258301 3507.873047 0.000000 -0.890520 0.000000 -0.454944 1.000000 1.000000 1.000000
1382.517700 -1.784668 3097.017090 0.000000 0.736896 0.000000 -0.676006 1.767507 1.767507 1.767507
1379.845459 -0.296387 3097.905762 0.000000 0.736896 0.000000 -0.676006 1.000000 1.000000 1.000000
1379.650391 0.209473 3096.671631 0.000000 0.736896 0.000000 -0.676006 1.000000 1.000000 1.000000
1198.262817 -1.181885 3435.008545 0.000000 0.821351 0.000000 0.570423 0.855896 0.855896 0.855896
1199.450317 -0.715576 3434.141357 0.000000 0.641691 0.000000 0.766963 0.855896 0.855896 0.855896
1200.965210 -0.038574 3433.796875 0.000000 0.641691 0.000000 0.766963 0.855896 0.855896 0.855896
1203.718018 -1.199707 3434.883057 0.000000 0.097273 0.000000 0.995258 0.855896 0.855896 0.855896
1203.132446 -1.168457 3433.376709 0.000000 0.097273 0.000000 0.995258 0.855896 0.855896 0.855896
1204.058350 -1.018555 3435.930420 0.000000 0.097273 0.000000 0.995258 0.855896 0.855896 0.855896
1512.512817 -0.461426 3268.583008 0.000000 -0.642650 0.000000 0.766160 1.625853 1.625853 1.625853
1511.291992 -0.461426 3269.193604 0.000000 -0.642650 0.000000 0.766160 1.625853 1.625853 1.625853
1510.132324 0.057129 3269.861084 0.000000 -0.642650 0.000000 0.766160 1.000000 1.000000 1.000000
1509.832031 0.057129 3269.361816 0.000000 -0.642650 0.000000 0.766160 1.000000 1.000000 1.000000
1509.518066 0.057129 3268.720703 0.000000 -0.642650 0.000000 0.766160 1.000000 1.000000 1.000000
1596.016113 0.499268 3785.386475 0.000000 0.451036 0.000000 0.892506 1.209073 1.209073 1.209073
1597.198608 0.499268 3786.347168 0.000000 0.451036 0.000000 0.892506 1.209073 1.209073 1.209073
1598.749512 0.499268 3787.398926 0.000000 0.451036 0.000000 0.892506 1.209073 1.209073 1.209073
1599.634888 0.499268 3787.710205 0.000000 0.451036 0.000000 0.892506 1.209073 1.209073 1.209073
1598.441528 0.499268 3786.428711 0.000000 0.451036 0.000000 0.892506 1.209073 1.209073 1.209073
1599.238770 0.499268 3787.367920 0.000000 0.451036 0.000000 0.892506 1.209073 1.209073 1.209073
1600.771362 0.499268 3788.290771 0.000000 0.451036 0.000000 0.892506 1.209073 1.209073 1.209073
1611.071045 -0.228027 3592.331055 0.000000 0.742416 0.000000 0.669939 1.447339 1.447339 1.447339
1613.874268 2.096680 3592.222900 0.000000 0.742416 0.000000 0.669939 1.447339 1.447339 1.447339
1617.441284 2.096680 3591.807617 0.000000 0.742416 0.000000 0.669939 1.447339 1.447339 1.447339
1620.479004 2.096680 3591.699219 0.000000 0.742416 0.000000 0.669939 1.447339 1.447339 1.447339
1623.166138 1.372559 3591.894287 0.000000 0.742416 0.000000 0.669939 1.000000 1.000000 1.000000
1624.890137 1.372559 3591.410889 0.000000 0.742416 0.000000 0.669939 1.000000 1.000000 1.000000
772.230652 0.458008 3129.723389 0.000000 0.548383 0.000000 0.836227 1.564440 1.564440 1.564440
770.275574 1.306396 3129.079346 0.000000 0.548383 0.000000 0.836227 1.564440 1.564440 1.564440
773.147644 1.656250 3129.973877 0.000000 0.548383 0.000000 0.836227 1.564440 1.564440 1.564440
774.890991 -0.186035 3130.870361 0.000000 0.548383 0.000000 0.836227 1.564440 1.564440 1.564440
1051.269775 -0.390137 5062.503906 0.000000 0.239308 0.000000 0.970944 1.000000 1.000000 1.000000
1036.829224 0.433594 5052.414062 0.000000 0.514693 0.000000 0.857375 1.000000 1.000000 1.000000
1038.224365 -0.041504 5053.551758 0.000000 0.514693 0.000000 0.857375 1.000000 1.000000 1.000000
1039.961426 0.329102 5054.522949 0.000000 0.514693 0.000000 0.857375 1.000000 1.000000 1.000000
1041.690674 0.329102 5055.411133 0.000000 0.514693 0.000000 0.857375 1.000000 1.000000 1.000000
1043.779785 0.329102 5056.266602 0.000000 0.514693 0.000000 0.857375 1.000000 1.000000 1.000000
1043.097534 0.329102 5055.780762 0.000000 0.514693 0.000000 0.857375 1.000000 1.000000 1.000000
1044.493286 -0.211426 5056.722656 0.000000 0.514693 0.000000 0.857375 1.000000 1.000000 1.000000
1046.035767 -0.211426 5057.445312 0.000000 0.514693 0.000000 0.857375 1.000000 1.000000 1.000000
1048.816040 -0.211426 5058.624023 0.000000 0.197395 0.000000 0.980324 1.000000 1.000000 1.000000
1049.682129 -0.211426 5059.838867 0.000000 0.197395 0.000000 0.980324 1.000000 1.000000 1.000000
1050.197754 -0.420898 5060.634277 0.000000 0.197395 0.000000 0.980324 1.000000 1.000000 1.000000
3090.433838 0.000000 2428.341553 0.000000 -0.206810 0.000000 0.978381 1.000000 1.000000 1.000000
3089.302490 0.000000 2429.121826 0.000000 -0.222755 0.000000 0.974874 1.000000 1.000000 1.000000
3096.421387 0.878662 2427.918945 0.000000 -0.636774 0.000000 0.771050 1.000000 1.000000 1.000000
3094.791992 0.878662 2428.379883 0.000000 -0.636774 0.000000 0.771050 1.000000 1.000000 1.000000
3092.379639 0.878662 2428.738770 0.000000 -0.636774 0.000000 0.771050 1.000000 1.000000 1.000000
3093.645508 0.000000 2428.564697 0.000000 0.696537 0.000000 -0.717521 1.000000 1.000000 1.000000
2777.025391 0.330078 2455.271973 0.000000 0.990962 0.000000 0.134142 0.865247 0.865247 0.865247
2777.025391 0.330078 2455.271973 0.000000 0.860222 0.000000 0.509919 1.014674 1.014674 1.014674
2776.684814 -0.970947 2454.321533 0.000000 0.787723 0.000000 0.616029 1.014674 1.014674 1.014674
2777.793701 -0.406738 2454.641357 0.000000 0.787723 0.000000 0.616029 1.014674 1.014674 1.014674
2776.502197 3.032471 2456.281006 0.000000 0.989719 0.000000 0.143028 1.014674 1.014674 1.014674
2777.065186 1.086182 2455.900146 0.000000 0.918297 0.000000 0.395892 1.014674 1.014674 1.014674
2779.393799 -0.584229 2453.589600 0.000000 0.649858 0.000000 0.760056 1.014674 1.014674 1.014674
2780.142334 0.000000 2454.525635 0.000000 0.649858 0.000000 0.760056 1.014674 1.014674 1.014674
2794.807861 3.905029 2502.329590 0.000000 -0.657127 0.000000 -0.753780 1.131693 1.131693 1.131693
2795.086182 3.276367 2501.528564 0.000000 -0.765971 0.000000 -0.642876 1.131693 1.131693 1.131693
2795.144287 2.936523 2501.978027 0.000000 -0.667780 0.000000 -0.744358 1.131693 1.131693 1.131693
2778.236084 -0.548096 2453.667236 0.000000 -0.667780 0.000000 -0.744358 0.908798 0.908798 0.908798
2774.770508 1.277344 2460.687500 0.000000 -0.965359 0.000000 -0.260926 0.908798 0.908798 0.908798
2775.327637 1.373047 2460.944824 0.000000 -0.965359 0.000000 -0.260926 0.908798 0.908798 0.908798
2818.891357 -0.960693 2547.314697 0.000000 -0.833124 0.000000 -0.553086 1.000000 1.000000 1.000000
2820.555420 -0.021973 2545.518555 0.000000 -0.833124 0.000000 -0.553086 1.000000 1.000000 1.000000
2821.471680 -0.216064 2546.368652 0.000000 -0.916129 0.000000 -0.400883 1.000000 1.000000 1.000000
2820.676758 -1.095947 2547.322998 0.000000 -0.916129 0.000000 -0.400883 1.000000 1.000000 1.000000
2819.660889 -1.095947 2547.730957 0.000000 -0.916129 0.000000 -0.400883 1.000000 1.000000 1.000000
2821.027344 -0.226562 2546.586914 0.000000 -0.916129 0.000000 -0.400883 1.000000 1.000000 1.000000
2821.852539 -0.617920 2545.653809 0.000000 -0.916129 0.000000 -0.400883 1.000000 1.000000 1.000000
"}
object={
	name="waterfall_bottom"
	render_pass=Map
	clamp_to_water_level=yes
	generated_content=no
	layer="coast_foam_layer"
	entity="waterfall_bottom"
	count=130
	transform="1062.619507 -0.335449 2104.217285 0.000000 -0.999041 0.000000 0.043790 0.471245 0.471245 0.471245
1119.754883 -0.562988 2244.844971 0.000000 0.696686 0.000000 0.717376 0.599146 0.599146 0.599146
2008.539795 0.000000 3537.792969 0.000000 0.570690 0.000000 0.821166 0.613333 0.613333 0.613333
1964.749390 0.000000 3532.659424 0.000000 0.000000 0.000000 1.000000 0.298316 0.298316 0.298316
1953.828247 0.000000 3515.544678 0.000000 0.241367 0.000000 0.970434 0.339185 0.339185 0.339185
1948.306152 0.000000 3555.235840 0.000000 0.865130 0.000000 0.501547 0.620166 0.620166 0.620166
1908.253296 0.000000 3568.277588 0.000000 0.859069 0.000000 0.511860 0.584741 0.584741 0.584741
1894.141357 -0.806152 3585.108643 0.000000 -0.989323 0.000000 -0.145739 0.742611 0.742611 0.742611
2019.123901 0.000000 3621.032227 0.000000 0.979825 0.000000 0.199858 0.318700 0.318700 0.318700
2019.793579 0.000000 3621.321289 0.000000 0.684091 0.000000 0.729397 0.214604 0.214604 0.214604
2099.361572 -0.789795 3607.677734 0.000000 0.851191 0.000000 0.524857 1.000000 1.000000 1.000000
1613.155273 0.000000 3719.778076 0.000000 -0.913938 0.000000 -0.405853 0.595834 0.595834 0.595834
1636.443359 0.000000 3714.384766 0.000000 0.726082 0.000000 0.687608 1.000000 1.000000 1.000000
1683.204956 0.704834 3715.876953 0.000000 -0.687450 0.000000 -0.726232 0.417529 0.417529 0.417529
1702.866821 0.000000 3706.700928 0.000000 0.718176 0.000000 0.695861 1.000000 1.000000 1.000000
1746.542358 0.600586 3707.191406 0.000000 0.845592 0.000000 0.533830 0.706858 0.706858 0.706858
1773.589844 0.261230 3697.330811 0.000000 -0.689011 0.000000 -0.724751 0.428505 0.428505 0.428505
1807.848267 0.319092 3695.403809 0.000000 -0.825157 0.000000 -0.564903 0.475879 0.475879 0.475879
1793.600464 0.000000 3697.332520 0.000000 -0.406833 0.000000 -0.913502 0.524027 0.524027 0.524027
1833.493408 0.486816 3697.823730 0.000000 0.732440 0.000000 0.680831 0.461694 0.461694 0.461694
1857.595093 0.196289 3693.103027 0.000000 -0.472695 0.000000 -0.881226 0.670007 0.670007 0.670007
1765.112183 0.000000 3703.203369 0.000000 -0.907190 0.000000 -0.420720 0.208691 0.208691 0.208691
1758.921387 0.000000 3702.491211 0.000000 -0.481010 0.000000 -0.876715 0.168530 0.168530 0.168530
1783.243774 0.000000 3691.969727 0.000000 0.738550 0.000000 0.674199 0.363525 0.363525 0.363525
1789.314331 0.000000 3694.646729 0.000000 -0.388547 0.000000 -0.921429 0.342017 0.342017 0.342017
1812.583618 0.000000 3688.087646 0.000000 0.862362 0.000000 0.506292 0.415820 0.415820 0.415820
1824.559448 0.000000 3691.253662 0.000000 0.606286 0.000000 0.795246 0.404395 0.404395 0.404395
1609.892456 2.562988 3649.944824 0.000000 0.971546 0.000000 -0.236853 0.448096 0.448096 0.448096
1534.221191 0.000000 5112.310059 0.000000 -0.217671 0.000000 -0.976022 0.511426 0.511426 0.511426
1312.154907 -0.172363 5312.077637 0.000000 0.497485 0.000000 -0.867473 1.000000 1.000000 1.000000
1113.440430 0.000000 5956.745605 0.000000 0.000000 0.000000 1.000000 0.569629 0.569629 0.569629
1765.169678 0.888916 3466.254883 0.000000 0.242824 0.000000 -0.970070 0.273450 0.273450 0.273450
1759.154053 0.216797 3452.445068 0.000000 0.242824 0.000000 -0.970070 0.273450 0.273450 0.273450
1759.719727 0.379883 3456.839600 0.000000 0.990151 0.000000 -0.140000 0.294800 0.294800 0.294800
1098.570190 0.000000 2262.510498 0.000000 0.918031 0.000000 0.396508 0.286658 0.286658 0.286658
1587.537598 -0.092773 4579.999023 0.000000 0.996102 0.000000 -0.088205 0.291782 0.291782 0.291782
1640.896484 0.002930 4530.150391 0.000000 -0.432232 0.000000 -0.901762 0.291782 0.291782 0.291782
1661.893921 -0.244141 4593.354492 0.000000 -0.432232 0.000000 -0.901762 0.291782 0.291782 0.291782
2185.086182 0.000000 2679.332764 0.000000 0.745699 0.000000 0.666283 1.000000 1.000000 1.000000
2171.816162 0.000000 2634.872070 0.000000 -0.608415 0.000000 -0.793619 0.542529 0.542529 0.542529
2141.690674 0.000000 2672.960938 0.000000 -0.711883 0.000000 0.702298 1.000000 1.000000 1.000000
2162.292969 0.000000 2749.449219 0.000000 0.000000 0.000000 1.000000 1.000000 1.000000 1.000000
2032.945190 -0.553711 2517.065918 0.000000 0.441814 0.000000 -0.897106 0.339917 0.339917 0.339917
2031.613892 -0.436523 2517.700439 0.000000 0.441814 0.000000 -0.897106 0.339917 0.339917 0.339917
2030.470581 -0.084961 2519.483887 0.000000 0.648065 0.000000 -0.761585 0.239087 0.239087 0.239087
2045.460327 -0.553711 2488.214111 0.000000 0.441814 0.000000 -0.897106 0.339917 0.339917 0.339917
2044.129028 -0.436523 2488.848633 0.000000 0.441814 0.000000 -0.897106 0.339917 0.339917 0.339917
2042.985718 -0.084961 2490.632080 0.000000 0.648065 0.000000 -0.761585 0.239087 0.239087 0.239087
1988.327271 -0.277344 2453.726807 0.000000 0.920702 0.000000 0.390265 0.340522 0.340522 0.340522
1989.580566 -0.160156 2452.944580 0.000000 0.920702 0.000000 0.390265 0.340522 0.340522 0.340522
1990.516357 0.191406 2451.039307 0.000000 0.797087 0.000000 0.603865 0.239512 0.239512 0.239512
2048.038330 -0.406982 2442.190186 0.000000 0.866032 0.000000 0.499988 0.425120 0.425120 0.425120
2049.793457 -0.289794 2441.622559 0.000000 0.866032 0.000000 0.499988 0.425120 0.425120 0.425120
2051.504395 0.061768 2439.599121 0.000000 0.717210 0.000000 0.696858 0.299016 0.299016 0.299016
2017.269653 -0.553711 2390.261475 0.000000 -0.989864 0.000000 0.142016 0.339917 0.339917 0.339917
2017.160156 -0.436523 2388.790771 0.000000 -0.989864 0.000000 0.142016 0.339917 0.339917 0.339917
2015.911621 -0.084961 2387.079102 0.000000 -0.994501 0.000000 -0.104731 0.239087 0.239087 0.239087
1950.249878 -1.045654 2624.556152 0.000000 0.183650 0.000000 -0.982992 1.000000 1.000000 1.000000
2005.319092 -1.045654 2662.959717 0.000000 0.495233 0.000000 -0.868760 1.000000 1.000000 1.000000
1047.812988 -0.263916 2543.214111 0.000000 0.999969 0.000000 0.007838 0.736401 0.736401 0.736401
1044.144287 -0.627686 2543.732666 0.000000 0.999969 0.000000 0.007838 0.736401 0.736401 0.736401
1036.915527 -0.627686 2542.022461 0.000000 0.999969 0.000000 0.007838 0.736401 0.736401 0.736401
1043.769165 -1.201660 2542.036621 0.000000 0.999969 0.000000 0.007838 0.736401 0.736401 0.736401
1046.752319 -1.201660 2542.245117 0.000000 0.999969 0.000000 0.007838 0.736401 0.736401 0.736401
818.173767 -1.045898 4673.623535 0.000000 -0.417384 0.000000 0.908730 1.000000 1.000000 1.000000
1468.237183 0.179932 3650.161865 0.000000 0.811656 0.000000 -0.584135 0.312433 0.312433 0.312433
1431.766113 -0.568848 3694.527100 0.000000 0.811656 0.000000 -0.584135 0.489660 0.489660 0.489660
1438.991943 0.438721 3694.245605 0.000000 0.377822 0.000000 -0.925878 0.398682 0.398682 0.398682
1486.671997 0.137939 3766.260986 0.000000 0.323574 0.000000 -0.946203 0.398682 0.398682 0.398682
1604.703247 -0.020508 3444.738525 0.000000 0.408447 0.000000 -0.912782 0.548022 0.548022 0.548022
1158.668701 -0.885254 3506.711670 0.000000 -0.484533 0.000000 0.874773 0.927215 0.927215 0.927215
1380.176880 -0.568848 3096.887207 0.000000 -0.815613 0.000000 -0.578598 0.542532 0.542532 0.542532
1203.775879 0.016357 3436.270508 0.000000 -0.998132 0.000000 0.061087 0.171629 0.171629 0.171629
1203.305054 0.016357 3434.785889 0.000000 -0.998132 0.000000 0.061087 0.171629 0.171629 0.171629
1201.193848 0.000000 3433.782715 0.000000 -0.964182 0.000000 -0.265242 0.171629 0.171629 0.171629
1199.537720 0.000000 3434.333252 0.000000 0.000000 0.000000 1.000000 0.171629 0.171629 0.171629
1509.166992 -1.739014 3269.523682 0.000000 0.834199 0.000000 0.551463 1.000000 1.000000 1.000000
1595.600586 0.000000 3783.341309 0.000000 0.000000 0.000000 1.000000 1.000000 1.000000 1.000000
1049.609253 -0.591797 5059.018066 0.000000 -0.875484 0.000000 0.483247 0.530323 0.530323 0.530323
1045.936401 -0.591797 5058.020508 0.000000 -0.875484 0.000000 0.483247 0.324966 0.324966 0.324966
1036.834839 0.000000 5052.819336 0.000000 -0.875484 0.000000 0.483247 0.801168 0.801168 0.801168
1613.207520 -0.116943 3592.430420 0.000000 -0.417752 0.000000 0.908561 1.000000 1.000000 1.000000
771.616150 -0.058350 3129.793213 0.000000 -0.881101 0.000000 0.472927 0.745677 0.745677 0.745677
1067.835693 -0.544922 2111.189209 0.000000 0.971632 0.000000 -0.236497 1.000000 1.000000 1.000000
1072.592163 -0.544922 2117.067627 0.000000 0.971632 0.000000 -0.236497 1.000000 1.000000 1.000000
1076.269653 -0.846436 2120.271240 0.000000 0.971632 0.000000 -0.236497 1.000000 1.000000 1.000000
1079.744385 -0.234619 2122.538818 0.000000 0.971632 0.000000 -0.236497 1.000000 1.000000 1.000000
1081.988770 -0.234619 2124.347168 0.000000 0.971632 0.000000 -0.236497 1.000000 1.000000 1.000000
1084.307739 0.126709 2128.126709 0.000000 0.971632 0.000000 -0.236497 1.000000 1.000000 1.000000
1089.942505 -0.377441 2130.772461 0.000000 0.877083 0.000000 -0.480340 1.000000 1.000000 1.000000
1094.673828 -1.009521 2129.898438 0.000000 0.923070 0.000000 -0.384633 1.000000 1.000000 1.000000
1098.386841 0.096924 2133.779053 0.000000 0.923070 0.000000 -0.384633 1.000000 1.000000 1.000000
1102.332031 -1.177246 2137.709473 0.000000 0.853778 0.000000 -0.520637 1.000000 1.000000 1.000000
1105.305420 -1.177246 2138.620850 0.000000 0.853778 0.000000 -0.520637 1.000000 1.000000 1.000000
1111.030396 -0.086914 2142.515381 0.000000 0.853778 0.000000 -0.520637 1.000000 1.000000 1.000000
1112.895752 -0.698975 2145.594971 0.000000 0.853778 0.000000 -0.520637 1.000000 1.000000 1.000000
1115.484619 -0.141602 2147.978516 0.000000 0.853778 0.000000 -0.520637 1.000000 1.000000 1.000000
1131.281616 -0.289307 2165.147461 0.000000 0.853778 0.000000 -0.520637 1.000000 1.000000 1.000000
1129.817749 -1.243164 2161.835938 0.000000 0.853778 0.000000 -0.520637 1.000000 1.000000 1.000000
1127.642456 0.123779 2158.493164 0.000000 0.853778 0.000000 -0.520637 1.000000 1.000000 1.000000
1125.058838 0.123779 2153.871826 0.000000 0.853778 0.000000 -0.520637 1.000000 1.000000 1.000000
1121.590942 0.123779 2149.849365 0.000000 0.853778 0.000000 -0.520637 1.000000 1.000000 1.000000
1086.100464 0.527100 2131.094971 0.000000 -0.976438 0.000000 0.215799 1.000000 1.000000 1.000000
1064.092896 0.527100 2107.293213 0.000000 -0.976438 0.000000 0.215799 1.000000 1.000000 1.000000
1129.119873 -0.261230 2199.589600 0.000000 0.991429 0.000000 0.130648 1.000000 1.000000 1.000000
1133.914795 -0.684814 2175.910400 0.000000 0.995194 0.000000 0.097922 1.000000 1.000000 1.000000
3041.459717 0.488770 2487.953125 0.000000 -0.740327 0.000000 0.672247 0.292993 0.292993 0.292993
3094.669678 -0.450195 2428.247803 0.000000 0.758112 0.000000 0.652125 0.555620 0.555620 0.555620
2891.629639 -0.697510 2424.181152 0.000000 0.091972 0.000000 0.995761 1.000000 1.000000 1.000000
2892.357422 -0.769287 2422.172607 0.000000 -0.411420 0.000000 0.911446 1.000000 1.000000 1.000000
2890.500732 -0.769287 2419.723633 0.000000 0.365278 0.000000 0.930898 1.000000 1.000000 1.000000
2887.951660 -0.769287 2418.233398 0.000000 0.365278 0.000000 0.930898 1.000000 1.000000 1.000000
2889.372070 -0.769287 2416.156738 0.000000 -0.237189 0.000000 0.971463 1.000000 1.000000 1.000000
2886.759033 -0.769287 2414.127930 0.000000 0.506138 0.000000 0.862453 1.000000 1.000000 1.000000
2884.886230 -0.769287 2412.892334 0.000000 0.506138 0.000000 0.862453 1.000000 1.000000 1.000000
2882.137207 -0.769287 2412.373291 0.000000 0.506138 0.000000 0.862453 1.000000 1.000000 1.000000
2876.543945 -0.769287 2410.418457 0.000000 0.123675 0.000000 0.992323 1.000000 1.000000 1.000000
2880.296387 -0.769287 2410.313721 0.000000 0.325098 0.000000 0.945680 1.000000 1.000000 1.000000
2879.394287 -0.769287 2407.851562 0.000000 -0.063068 0.000000 0.998009 1.000000 1.000000 1.000000
2876.762695 -0.769287 2406.882812 0.000000 -0.063068 0.000000 0.998009 1.000000 1.000000 1.000000
2880.780762 -0.769287 2405.041260 0.000000 -0.320275 0.000000 0.947325 1.000000 1.000000 1.000000
2882.468262 -0.769287 2403.993652 0.000000 -0.320275 0.000000 0.947325 1.000000 1.000000 1.000000
2882.667236 -0.769287 2401.816406 0.000000 0.000000 0.000000 1.000000 1.000000 1.000000 1.000000
2798.033203 2.536621 2472.389404 0.000000 0.000000 0.000000 1.000000 0.155691 0.155691 0.155691
2814.414062 0.391357 2457.596924 0.000000 -0.887934 0.000000 0.459970 0.221199 0.221199 0.221199
2803.418701 0.391357 2452.793213 0.000000 -0.414060 0.000000 0.910249 0.221199 0.221199 0.221199
2790.193848 0.421143 2448.841309 0.000000 -0.414060 0.000000 0.910249 0.221199 0.221199 0.221199
2783.623535 0.421143 2454.134033 0.000000 -0.414060 0.000000 0.910249 0.183014 0.183014 0.183014
2777.231201 1.476807 2455.433350 0.000000 0.000000 0.000000 1.000000 0.309546 0.309546 0.309546
2794.455078 0.000000 2501.656738 0.000000 -0.647559 0.000000 0.762016 1.000000 1.000000 1.000000
"}
