object={
	name="Khand rock 07"
	render_pass=Map
	clamp_to_water_level=no
	generated_content=no
	layer="building_layer"
	pdxmesh="rock_khand_07_mesh"
	count=2
	transform="1150.288452 -2.214478 1965.989990 0.000000 0.312436 0.000000 0.949939 0.480969 0.480969 0.480969
1135.609985 -1.892456 1951.717529 0.000000 0.942700 0.000000 -0.333643 0.480969 0.480969 0.480969
"}
object={
	name="Khand rock 08"
	render_pass=Map
	clamp_to_water_level=no
	generated_content=no
	layer="building_layer"
	pdxmesh="rock_khand_08_mesh"
	count=1
	transform="1170.958130 -1.865601 1967.468750 0.000000 0.000000 0.000000 1.000000 0.470631 0.470631 0.470631
"}
object={
	name="Khand rock 09"
	render_pass=Map
	clamp_to_water_level=no
	generated_content=no
	layer="building_layer"
	pdxmesh="rock_khand_09_mesh"
	count=317
	transform="1529.245972 0.000000 5643.044922 -0.000000 -0.363701 0.000000 0.931516 0.376557 0.376557 0.376557
1534.012817 0.000000 5644.331055 0.000000 0.000000 0.000000 1.000000 0.748292 0.748292 0.748292
865.999573 3.330566 5308.642578 0.000000 0.952355 0.000000 0.304992 0.758521 0.758521 0.758521
866.962097 3.330566 5306.814453 0.000000 0.000000 0.000000 1.000000 0.645898 0.645898 0.645898
992.283997 0.000000 5500.066406 0.000000 0.000000 0.000000 1.000000 0.385003 0.385003 0.385003
981.128418 0.000000 5497.757812 0.000000 -0.257953 0.000000 0.966158 0.571533 0.571533 0.571533
985.791992 0.000000 5506.344727 0.000000 -0.257953 0.000000 0.966158 0.571533 0.571533 0.571533
1314.131592 0.000000 5915.657227 -0.000000 -0.575715 0.000000 0.817650 1.000000 1.000000 1.000000
1258.920654 0.000000 5948.363281 -0.000000 -0.575715 0.000000 0.817650 1.000000 1.000000 1.000000
1285.833862 0.000000 5920.994141 0.000000 0.840433 0.000000 0.541916 1.000000 1.000000 1.000000
1247.068237 0.000000 5932.124023 0.000000 0.194465 0.000000 -0.980910 1.000000 1.000000 1.000000
1126.657837 0.000000 5959.607910 0.000000 -0.690456 0.000000 -0.723375 0.741016 0.741016 0.741016
1149.098022 0.000000 5995.943848 0.000000 0.000000 0.000000 1.000000 0.741016 0.741016 0.741016
1208.683838 0.000000 5990.187988 0.000000 0.000000 0.000000 1.000000 0.741016 0.741016 0.741016
1112.619995 0.000000 5956.930176 0.000000 0.000000 0.000000 1.000000 1.000000 1.000000 1.000000
1355.757568 0.000000 4740.962891 0.000000 0.000000 0.000000 1.000000 0.439502 0.439502 0.439502
1461.363892 0.000000 2325.982666 0.000000 -0.576541 0.000000 0.817068 1.000000 1.000000 1.000000
1647.696167 0.000000 1972.793579 0.000000 0.847836 0.000000 -0.530259 0.424309 0.424309 0.424309
1647.609985 0.000000 1973.295288 0.000000 0.134682 -0.000000 -0.990889 0.607947 0.607947 0.607947
1647.151611 0.000000 1972.828735 0.000000 -0.809954 0.000000 0.586493 0.607947 0.607947 0.607947
1644.696655 0.000000 1969.478638 0.000000 0.487165 0.000000 0.873310 0.607947 0.607947 0.607947
1129.653442 0.000000 2164.064941 0.000000 0.000000 0.000000 1.000000 0.510514 0.510514 0.510514
2886.194092 0.000000 2830.360352 0.000000 -0.681723 0.000000 0.731610 0.174846 0.174846 0.174846
2883.244629 0.000000 2833.916016 0.000000 0.906833 0.000000 0.421490 0.174846 0.174846 0.174846
2884.889160 0.000000 2830.016846 0.000000 -0.168943 0.000000 0.985626 0.169656 0.169656 0.169656
2882.596436 0.000000 2833.748535 0.000000 -0.872492 0.000000 0.488629 0.169656 0.169656 0.169656
2826.012695 0.000000 2768.503662 0.000000 0.808134 0.000000 -0.588999 0.174846 0.174846 0.174846
2825.687988 0.000000 2769.797119 0.000000 -0.302773 -0.000000 -0.953063 0.174846 0.174846 0.174846
2824.764160 0.000000 2768.965088 0.000000 0.704010 0.000000 -0.710190 0.169656 0.169656 0.169656
2825.080322 0.000000 2769.999023 0.000000 -0.728795 0.000000 -0.684732 0.169656 0.169656 0.169656
2870.284424 0.000000 2714.462646 0.000000 0.502460 0.000000 0.864600 0.174846 0.174846 0.174846
2870.692139 0.000000 2715.775635 0.000000 -0.300111 0.000000 0.953904 0.174846 0.174846 0.174846
2869.411865 0.000000 2715.534424 0.000000 -0.999037 0.000000 -0.043868 0.169656 0.169656 0.169656
2870.265869 0.000000 2716.247314 0.000000 -0.034344 0.000000 -0.999410 0.169656 0.169656 0.169656
2898.355957 0.000000 2789.249268 0.000000 0.861029 0.000000 -0.508555 0.174846 0.174846 0.174846
2854.217285 0.000000 2710.044434 0.000000 -0.973269 0.000000 -0.229668 0.174846 0.174846 0.174846
2897.679932 0.000000 2788.204834 0.000000 -0.965542 0.000000 -0.260246 0.174846 0.174846 0.174846
2898.881592 0.000000 2788.022705 0.000000 -0.559178 0.000000 0.829048 0.169656 0.169656 0.169656
2897.858643 0.000000 2787.596924 0.000000 -0.380831 0.000000 -0.924645 0.169656 0.169656 0.169656
2878.822754 0.000000 2820.190918 0.000000 0.957299 0.000000 -0.289101 0.174846 0.174846 0.174846
2908.940186 0.000000 2771.597168 0.000000 -0.163661 0.000000 -0.986517 0.174846 0.174846 0.174846
2878.469482 0.000000 2821.312256 0.000000 0.995989 0.000000 -0.089472 0.174846 0.174846 0.174846
2835.372803 0.000000 2767.814941 0.000000 -0.102414 0.000000 0.994742 0.169656 0.169656 0.169656
2883.304199 0.000000 2806.653564 0.000000 -0.492316 0.000000 0.870416 0.169656 0.169656 0.169656
2824.663574 0.000000 2771.842041 0.000000 -0.861347 0.000000 -0.508016 0.174846 0.174846 0.174846
2855.417480 0.000000 2709.611816 0.000000 -0.129666 0.000000 0.991558 0.174846 0.174846 0.174846
2878.069092 0.000000 2821.496582 0.000000 -0.996558 0.000000 0.082903 0.169656 0.169656 0.169656
2855.285400 0.000000 2710.654785 0.000000 -0.466469 0.000000 0.884538 0.169656 0.169656 0.169656
2855.776367 0.000000 2709.920410 0.000000 -0.985308 0.000000 0.170785 0.169656 0.169656 0.169656
2862.789551 0.000000 2721.561523 0.000000 0.683021 0.000000 0.730399 0.174846 0.174846 0.174846
2824.717041 0.000000 2772.334961 0.000000 -0.529152 0.000000 -0.848527 0.169656 0.169656 0.169656
2875.494385 0.000000 2818.024902 0.000000 0.028284 0.000000 0.999600 0.174846 0.174846 0.174846
2877.043701 0.000000 2819.138184 0.000000 0.067269 0.000000 -0.997735 0.174846 0.174846 0.174846
2880.826172 0.000000 2810.067871 0.000000 -0.394556 0.000000 -0.918872 0.174846 0.174846 0.174846
2859.592529 0.000000 2710.434570 0.000000 0.683021 0.000000 0.730399 0.174846 0.174846 0.174846
2908.586914 0.000000 2772.718506 0.000000 -0.591068 0.000000 0.806622 0.174846 0.174846 0.174846
2827.235840 0.000000 2775.156006 0.000000 -0.730158 0.000000 0.683278 0.174846 0.174846 0.174846
2907.812988 0.000000 2772.084473 0.000000 0.571470 0.000000 0.820623 0.169656 0.169656 0.169656
2908.186523 0.000000 2772.902832 0.000000 -0.999767 0.000000 0.021588 0.169656 0.169656 0.169656
2882.875244 0.000000 2834.592773 0.000000 0.798232 0.000000 -0.602350 0.174846 0.174846 0.174846
2881.439453 0.000000 2809.065918 0.000000 -0.177870 0.000000 -0.984054 0.174846 0.174846 0.174846
2882.128662 0.000000 2809.976074 0.000000 0.856502 0.000000 0.516143 0.169656 0.169656 0.169656
2882.001465 0.000000 2808.917480 0.000000 -0.937166 0.000000 0.348885 0.169656 0.169656 0.169656
2905.334961 0.000000 2775.498779 0.000000 0.999671 0.000000 0.025665 0.174846 0.174846 0.174846
2825.790283 0.000000 2770.571533 0.000000 0.763122 -0.000000 -0.646255 0.174846 0.174846 0.174846
2826.257812 0.000000 2774.467773 0.000000 -0.498641 0.000000 -0.866809 0.174846 0.174846 0.174846
2827.286377 0.000000 2773.882812 0.000000 -0.748036 0.000000 -0.663659 0.169656 0.169656 0.169656
2826.255859 0.000000 2773.858154 0.000000 -0.864624 0.000000 -0.502420 0.169656 0.169656 0.169656
2814.218262 0.000000 2763.382324 0.000000 -0.861434 0.000000 0.507869 0.219683 0.219683 0.219683
2825.432617 0.000000 2774.227051 0.000000 0.683093 0.000000 -0.730332 0.174846 0.174846 0.174846
2875.436279 0.000000 2819.156738 0.000000 -0.759097 0.000000 -0.650978 0.174846 0.174846 0.174846
2813.010254 0.000000 2763.737549 0.000000 0.933329 0.000000 0.359022 0.219683 0.219683 0.219683
2874.526367 0.000000 2818.861084 0.000000 -0.986891 0.000000 0.161389 0.169656 0.169656 0.169656
2832.882080 0.000000 2767.219238 0.000000 -0.325681 0.000000 -0.945480 0.174846 0.174846 0.174846
2861.528076 0.000000 2721.677490 0.000000 -0.118760 -0.000000 -0.992923 0.174846 0.174846 0.174846
2819.029053 0.000000 2768.330811 0.000000 -0.997648 0.000000 0.068550 0.213163 0.213163 0.213163
2861.932129 0.000000 2720.578369 0.000000 0.070721 0.000000 0.997496 0.169656 0.169656 0.169656
2861.134521 0.000000 2721.245605 0.000000 -0.926046 0.000000 -0.377410 0.169656 0.169656 0.169656
2833.577148 0.000000 2766.546387 0.000000 -0.901246 0.000000 0.433308 0.169656 0.169656 0.169656
2875.190186 0.000000 2819.470459 0.000000 0.093017 -0.000000 -0.995665 0.169656 0.169656 0.169656
2860.813232 0.000000 2722.023682 0.000000 0.447831 -0.000000 -0.894118 0.174846 0.174846 0.174846
2832.809814 0.000000 2766.664551 0.000000 -0.853642 0.000000 -0.520860 0.169656 0.169656 0.169656
2858.331055 0.000000 2710.550537 0.000000 -0.118760 -0.000000 -0.992923 0.174846 0.174846 0.174846
2881.671143 0.000000 2808.304688 -0.000000 0.746198 0.000000 0.665724 0.174846 0.174846 0.174846
2858.735107 0.000000 2709.451416 0.000000 0.070721 0.000000 0.997496 0.169656 0.169656 0.169656
2857.937500 0.000000 2710.118652 0.000000 -0.926046 0.000000 -0.377410 0.169656 0.169656 0.169656
2886.682617 0.000000 2799.918457 0.000000 0.992037 0.000000 0.125945 0.174846 0.174846 0.174846
2812.231934 0.000000 2763.468750 0.000000 -0.536865 0.000000 -0.843668 0.213163 0.213163 0.213163
2868.869141 0.000000 2707.058838 0.000000 -0.779055 0.000000 0.626955 0.219683 0.219683 0.219683
2857.616211 0.000000 2710.896729 0.000000 0.447831 -0.000000 -0.894118 0.174846 0.174846 0.174846
2885.703125 0.000000 2799.620605 0.000000 0.009852 0.000000 -0.999951 0.169656 0.169656 0.169656
2867.623291 0.000000 2707.266602 0.000000 -0.876276 0.000000 -0.481809 0.219683 0.219683 0.219683
2810.897217 0.000000 2763.287109 0.000000 -0.984586 0.000000 -0.174898 0.219683 0.219683 0.219683
2867.751953 0.000000 2705.910156 0.000000 -0.897944 0.000000 0.440111 0.213163 0.213163 0.213163
2886.362061 0.000000 2800.245117 0.000000 0.844628 0.000000 -0.535353 0.169656 0.169656 0.169656
2897.098633 0.000000 2787.685547 0.000000 -0.999445 0.000000 -0.033316 0.174846 0.174846 0.174846
2811.907959 0.000000 2764.206543 0.000000 0.776219 0.000000 0.630464 0.219683 0.219683 0.219683
2826.015625 0.000000 2770.326172 0.000000 -0.447646 0.000000 0.894211 0.304170 0.304170 0.304170
2810.965576 0.000000 2765.164551 0.000000 0.951143 0.000000 -0.308750 0.213163 0.213163 0.213163
2905.948242 0.000000 2774.496826 0.000000 -0.680428 0.000000 -0.732815 0.174846 0.174846 0.174846
2823.936768 0.000000 2771.151123 0.000000 -0.087025 0.000000 0.996206 0.295141 0.295141 0.295141
2906.637451 0.000000 2775.406982 0.000000 -0.913810 0.000000 0.406142 0.169656 0.169656 0.169656
2906.510254 0.000000 2774.348389 0.000000 0.167683 0.000000 -0.985841 0.169656 0.169656 0.169656
2812.287109 0.000000 2764.887451 0.000000 -0.942199 0.000000 -0.335054 0.213163 0.213163 0.213163
2866.886719 0.000000 2706.917480 0.000000 -0.369232 0.000000 -0.929337 0.213163 0.213163 0.213163
2825.148438 0.000000 2766.510254 0.000000 -0.433950 0.000000 0.900937 0.219683 0.219683 0.219683
2901.850098 0.000000 2784.834961 0.000000 -0.775418 0.000000 -0.631448 0.219683 0.219683 0.219683
2865.570557 0.000000 2706.583984 -0.000000 -0.908096 0.000000 0.418763 0.219683 0.219683 0.219683
2906.179932 0.000000 2773.735596 0.000000 -0.829549 0.000000 -0.558433 0.174846 0.174846 0.174846
2871.187500 0.000000 2716.102295 0.000000 -0.930345 0.000000 0.366686 0.304170 0.304170 0.304170
2883.190674 0.000000 2834.489014 0.000000 -0.215507 0.000000 0.976502 0.304170 0.304170 0.304170
2902.597900 0.000000 2783.590332 0.000000 -0.880041 0.000000 0.474898 0.219683 0.219683 0.219683
2882.949219 0.000000 2831.285645 -0.000000 -0.255228 0.000000 0.966881 0.295141 0.295141 0.295141
2866.479004 0.000000 2707.621338 0.000000 -0.942948 0.000000 -0.332940 0.219683 0.219683 0.219683
2865.427490 0.000000 2708.458740 0.000000 0.755215 0.000000 0.655477 0.213163 0.213163 0.213163
2903.482178 0.000000 2784.718018 0.000000 0.869113 0.000000 0.494614 0.213163 0.213163 0.213163
2823.940430 0.000000 2766.865479 0.000000 -0.749418 0.000000 -0.662097 0.219683 0.219683 0.219683
2886.671387 0.000000 2828.291992 0.000000 -0.349153 0.000000 0.937066 0.219683 0.219683 0.219683
2823.909180 0.000000 2765.495605 0.000000 0.993613 0.000000 -0.112839 0.213163 0.213163 0.213163
2825.603027 0.000000 2774.540527 0.000000 0.449831 0.000000 0.893114 0.304170 0.304170 0.304170
2868.536865 0.000000 2713.178223 0.000000 -0.542305 0.000000 -0.840182 0.219683 0.219683 0.219683
2823.162109 0.000000 2766.596680 0.000000 0.411463 0.000000 0.911427 0.213163 0.213163 0.213163
2825.449463 0.000000 2772.307129 0.000000 -0.258605 0.000000 0.965983 0.295141 0.295141 0.295141
2821.827393 0.000000 2766.415039 0.000000 -0.999009 0.000000 0.044512 0.219683 0.219683 0.219683
2866.774658 0.000000 2708.328857 -0.000000 -0.540635 0.000000 0.841257 0.213163 0.213163 0.213163
2867.660400 0.000000 2714.092041 0.000000 0.590629 0.000000 0.806943 0.219683 0.219683 0.219683
2885.467285 0.000000 2827.814941 0.000000 0.559190 0.000000 0.829040 0.219683 0.219683 0.219683
2866.951416 0.000000 2712.930420 0.000000 -0.571344 0.000000 -0.820711 0.213163 0.213163 0.213163
2822.838135 0.000000 2767.334473 0.000000 0.924206 0.000000 -0.381894 0.219683 0.219683 0.219683
2866.899902 0.000000 2714.284912 0.000000 0.134919 0.000000 -0.990857 0.213163 0.213163 0.213163
2861.058105 0.000000 2722.137207 0.000000 0.564773 0.000000 0.825246 0.304170 0.304170 0.304170
2886.262207 0.000000 2826.736572 0.000000 -0.972893 0.000000 -0.231256 0.213163 0.213163 0.213163
2865.580322 0.000000 2714.797363 0.000000 -0.908515 0.000000 -0.417852 0.219683 0.219683 0.219683
2903.315186 0.000000 2783.387695 0.000000 0.966629 0.000000 0.256179 0.213163 0.213163 0.213163
2866.932129 0.000000 2715.117432 0.000000 0.996549 0.000000 -0.083005 0.219683 0.219683 0.219683
2885.019531 0.000000 2827.180176 0.000000 -0.237734 0.000000 0.971330 0.213163 0.213163 0.213163
2859.987305 0.000000 2716.153320 0.000000 -0.317047 0.000000 -0.948410 0.219683 0.219683 0.219683
2824.731689 0.000000 2773.899170 0.000000 0.873721 0.000000 0.486427 0.404388 0.404388 0.404388
2904.394531 0.000000 2782.421387 0.000000 0.699555 0.000000 -0.714578 0.219683 0.219683 0.219683
2861.004639 0.000000 2716.818115 0.000000 0.988244 0.000000 0.152887 0.213163 0.213163 0.213163
2861.241699 0.000000 2719.205078 0.000000 -0.721681 -0.000000 -0.692225 0.280011 0.280011 0.280011
2860.692139 0.000000 2715.641602 0.000000 0.644948 0.000000 0.764227 0.213163 0.213163 0.213163
2857.861084 0.000000 2711.010254 0.000000 0.564773 0.000000 0.825246 0.304170 0.304170 0.304170
2869.027588 0.000000 2717.035156 0.000000 0.397898 0.000000 0.917430 0.404388 0.404388 0.404388
2861.474121 0.000000 2714.700928 0.000000 -0.793894 0.000000 0.608056 0.219683 0.219683 0.219683
2860.257324 0.000000 2715.018066 0.000000 -0.121054 0.000000 -0.992646 0.219683 0.219683 0.219683
2856.365479 0.000000 2709.368164 0.000000 0.999563 0.000000 -0.029548 0.295141 0.295141 0.295141
2868.696289 0.000000 2714.674072 0.000000 0.476561 0.000000 0.879141 0.404388 0.404388 0.404388
2823.585938 0.000000 2770.089111 0.000000 -0.825098 -0.000000 -0.564990 0.404388 0.404388 0.404388
2883.991943 0.000000 2826.220703 0.000000 0.834816 0.000000 0.550528 0.219683 0.219683 0.219683
2884.298828 0.000000 2827.622070 0.000000 0.970541 0.000000 -0.240937 0.219683 0.219683 0.219683
2853.898193 0.000000 2713.900391 0.000000 0.886212 0.000000 -0.463280 0.382172 0.382172 0.382172
2856.781738 0.000000 2711.161865 0.000000 -0.721681 -0.000000 -0.692225 0.404388 0.404388 0.404388
2824.498291 0.000000 2767.901855 0.000000 -0.152536 -0.000000 -0.988298 0.404388 0.404388 0.404388
2854.791992 0.000000 2711.940430 0.000000 -0.652885 0.000000 -0.757457 0.404388 0.404388 0.404388
2902.916016 0.000000 2782.624756 0.000000 0.607917 0.000000 0.794001 0.219683 0.219683 0.219683
2852.930420 0.000000 2710.868164 0.000000 0.605878 0.000000 0.795558 0.370828 0.370828 0.370828
2897.166992 0.000000 2787.925537 0.000000 -0.918309 0.000000 0.395864 0.304170 0.304170 0.304170
2903.023438 0.000000 2781.101074 0.000000 -0.588524 0.000000 0.808480 0.213163 0.213163 0.213163
2827.258789 0.000000 2768.678467 0.000000 -0.986270 0.000000 -0.165142 0.392385 0.392385 0.392385
2826.480225 0.000000 2770.410645 -0.000000 -0.240180 0.000000 0.970728 0.370828 0.370828 0.370828
2881.535645 0.000000 2808.428711 0.000000 0.358475 0.000000 -0.933539 0.304170 0.304170 0.304170
2840.350586 0.000000 2771.472900 0.000000 0.926757 0.000000 -0.375661 0.382172 0.382172 0.382172
2835.463623 0.000000 2766.744629 0.000000 0.376496 0.000000 -0.926418 0.404388 0.404388 0.404388
2838.453857 0.000000 2771.499512 0.000000 -0.578339 0.000000 0.815797 0.404388 0.404388 0.404388
2898.050781 0.000000 2785.831055 0.000000 0.755556 0.000000 -0.655084 0.295141 0.295141 0.295141
2878.175049 0.000000 2822.286865 0.000000 -0.990333 0.000000 0.138712 0.295141 0.295141 0.295141
2881.343750 0.000000 2832.989502 -0.000000 -0.961939 0.000000 0.273264 0.404388 0.404388 0.404388
2902.310059 0.000000 2782.237549 0.000000 0.802227 0.000000 -0.597018 0.213163 0.213163 0.213163
2900.260742 0.000000 2790.250488 0.000000 -0.775418 0.000000 -0.631448 0.219683 0.219683 0.219683
2885.365723 0.000000 2829.050293 0.000000 -0.993859 0.000000 -0.110651 0.404388 0.404388 0.404388
2885.135010 0.000000 2833.858643 0.000000 -0.696916 0.000000 -0.717152 0.392385 0.392385 0.392385
2881.769775 0.000000 2803.622559 -0.000000 -0.072838 0.000000 0.997344 0.382172 0.382172 0.382172
2882.194336 0.000000 2807.397949 0.000000 -0.813766 0.000000 -0.581193 0.404388 0.404388 0.404388
2882.791504 0.000000 2805.230469 0.000000 -0.475993 -0.000000 -0.879449 0.404388 0.404388 0.404388
2871.376465 0.000000 2713.993652 0.000000 -0.947633 0.000000 -0.319361 0.392385 0.392385 0.392385
2871.651855 0.000000 2715.851074 0.000000 0.598621 0.000000 0.801033 0.370828 0.370828 0.370828
2883.481445 0.000000 2834.927490 0.000000 -0.991838 0.000000 0.127503 0.370828 0.370828 0.370828
2901.008545 0.000000 2789.005859 0.000000 -0.880041 0.000000 0.474898 0.219683 0.219683 0.219683
2879.153320 0.000000 2818.846924 0.000000 0.255743 0.000000 -0.966745 0.370828 0.370828 0.370828
2901.892822 0.000000 2790.133545 0.000000 0.869113 0.000000 0.494614 0.213163 0.213163 0.213163
2906.044434 0.000000 2773.859619 0.000000 -0.988445 0.000000 -0.151578 0.304170 0.304170 0.304170
2901.725830 0.000000 2788.803223 0.000000 0.966629 0.000000 0.256179 0.213163 0.213163 0.213163
2908.292480 0.000000 2773.693115 0.000000 0.987993 0.000000 -0.154499 0.295141 0.295141 0.295141
2902.805176 0.000000 2787.836914 0.000000 0.699555 0.000000 -0.714578 0.219683 0.219683 0.219683
2882.946289 0.000000 2827.792969 0.000000 0.576547 0.000000 -0.817064 0.213163 0.213163 0.213163
2901.326660 0.000000 2788.040283 0.000000 0.607917 0.000000 0.794001 0.219683 0.219683 0.219683
2907.233643 0.000000 2767.300781 0.000000 0.068944 0.000000 -0.997621 0.370828 0.370828 0.370828
2884.199951 0.000000 2828.329102 0.000000 0.450678 0.000000 -0.892686 0.213163 0.213163 0.213163
2906.278564 0.000000 2769.053467 0.000000 -0.833874 0.000000 -0.551955 0.382172 0.382172 0.382172
2906.703125 0.000000 2772.828857 0.000000 -0.971370 0.000000 0.237571 0.404388 0.404388 0.404388
2821.895752 0.000000 2768.292480 -0.000000 -0.649711 0.000000 0.760181 0.213163 0.213163 0.213163
2907.300293 0.000000 2770.661377 0.000000 -0.761511 0.000000 0.648152 0.404388 0.404388 0.404388
2898.818359 0.000000 2786.611084 0.000000 -0.572023 0.000000 -0.820237 0.404388 0.404388 0.404388
2908.031494 0.000000 2768.119873 0.000000 0.664851 0.000000 -0.746976 0.382172 0.382172 0.382172
2909.270752 0.000000 2770.253174 0.000000 0.905107 0.000000 0.425183 0.370828 0.370828 0.370828
2899.825195 0.000000 2788.883301 0.000000 -0.879238 0.000000 -0.476382 0.404388 0.404388 0.404388
2823.217285 0.000000 2768.015381 0.000000 0.405308 0.000000 -0.914180 0.213163 0.213163 0.213163
2812.078125 0.000000 2764.306885 0.000000 0.750305 0.000000 0.661091 0.382172 0.382172 0.382172
2832.520508 0.000000 2776.623047 0.000000 0.867051 0.000000 -0.498220 0.382172 0.382172 0.382172
2872.585205 0.000000 2814.427979 0.000000 0.054703 0.000000 0.998503 0.370828 0.370828 0.370828
2872.284668 0.000000 2816.394287 0.000000 -0.091598 0.000000 0.995796 0.382172 0.382172 0.382172
2829.000732 0.000000 2770.900391 0.000000 0.993203 0.000000 0.116397 0.508090 0.508090 0.508090
2809.932373 0.000000 2762.563232 0.000000 -0.999559 0.000000 0.029701 0.370828 0.370828 0.370828
2831.961670 0.000000 2775.367920 0.000000 -0.623232 0.000000 -0.782037 0.370828 0.370828 0.370828
2866.611816 0.000000 2716.431152 0.000000 0.915391 0.000000 -0.402566 0.213163 0.213163 0.213163
2830.594238 0.000000 2773.489990 0.000000 -0.303925 0.000000 0.952696 0.382172 0.382172 0.382172
2826.744141 0.000000 2772.406738 0.000000 0.997694 0.000000 -0.067865 0.404388 0.404388 0.404388
2828.435303 0.000000 2774.090088 0.000000 0.214902 0.000000 -0.976636 0.404388 0.404388 0.404388
2826.694580 0.000000 2776.225830 0.000000 -0.851269 0.000000 -0.524729 0.392385 0.392385 0.392385
2830.540771 0.000000 2775.687012 0.000000 -0.659671 0.000000 0.751554 0.382172 0.382172 0.382172
2867.610107 0.000000 2715.454346 0.000000 0.691417 0.000000 0.722456 0.213163 0.213163 0.213163
2828.326660 0.000000 2775.814453 0.000000 0.109917 0.000000 -0.993941 0.370828 0.370828 0.370828
2830.191162 0.000000 2777.141602 0.000000 0.474422 0.000000 -0.880298 0.370828 0.370828 0.370828
2823.227295 0.000000 2762.465820 0.000000 0.389331 0.000000 0.921098 0.508090 0.508090 0.508090
2859.960205 0.000000 2713.614746 0.000000 -0.717578 0.000000 0.696478 0.213163 0.213163 0.213163
2821.814453 0.000000 2765.235107 0.000000 -0.054328 0.000000 0.998523 0.508090 0.508090 0.508090
2819.266357 0.000000 2762.344727 0.000000 0.868646 0.000000 -0.495434 0.493009 0.493009 0.493009
2837.572510 0.000000 2773.107422 0.000000 -0.988643 0.000000 -0.150280 0.404388 0.404388 0.404388
2835.956055 0.000000 2773.179199 0.000000 -0.987655 0.000000 0.156645 0.370828 0.370828 0.370828
2835.996582 0.000000 2771.509277 -0.000000 -0.350790 0.000000 0.936454 0.382172 0.382172 0.382172
2834.250488 0.000000 2768.261719 0.000000 0.449457 0.000000 0.893302 0.404388 0.404388 0.404388
2829.873047 0.000000 2764.187744 0.000000 0.928587 0.000000 -0.371114 0.508090 0.508090 0.508090
2870.593994 0.000000 2706.187012 0.000000 -0.991429 0.000000 0.130646 0.213163 0.213163 0.213163
2820.119141 0.000000 2765.822510 0.000000 -0.226440 0.000000 0.974025 0.493009 0.493009 0.493009
2811.658447 0.000000 2762.073242 0.000000 -0.990906 0.000000 -0.134555 0.508090 0.508090 0.508090
2837.301514 0.000000 2769.843262 0.000000 -0.817200 0.000000 -0.576354 0.382172 0.382172 0.382172
2864.750977 0.000000 2710.710938 0.000000 -0.998276 0.000000 -0.058699 0.508090 0.508090 0.508090
2860.619385 0.000000 2719.880859 0.000000 0.455131 0.000000 -0.890425 0.404388 0.404388 0.404388
2862.987061 0.000000 2719.912842 0.000000 0.851767 -0.000000 -0.523921 0.404388 0.404388 0.404388
2862.980469 0.000000 2722.783447 0.000000 0.931361 0.000000 -0.364096 0.392385 0.392385 0.392385
2859.361816 0.000000 2714.831299 0.000000 -0.706643 0.000000 0.707570 0.213163 0.213163 0.213163
2864.946533 0.000000 2713.841797 0.000000 -0.990329 0.000000 0.138736 0.508090 0.508090 0.508090
2863.994141 0.000000 2721.284912 0.000000 -0.059088 0.000000 0.998253 0.370828 0.370828 0.370828
2820.782959 0.000000 2767.082031 0.000000 -0.867998 0.000000 -0.496567 0.508090 0.508090 0.508090
2814.855469 0.000000 2764.581055 0.000000 0.792246 -0.000000 -0.610202 0.493009 0.493009 0.493009
2866.930908 0.000000 2716.259033 0.000000 0.143291 0.000000 0.989681 0.493009 0.493009 0.493009
2866.642822 0.000000 2707.741211 0.000000 -0.897509 0.000000 0.440996 0.382172 0.382172 0.382172
2864.603271 0.000000 2708.144287 0.000000 0.251160 0.000000 0.967946 0.382172 0.382172 0.382172
2839.050537 0.000000 2770.287598 0.000000 0.981853 0.000000 -0.189643 0.404388 0.404388 0.404388
2822.136230 0.000000 2768.330811 0.000000 -0.876901 0.000000 0.480671 0.493009 0.493009 0.493009
2873.769287 0.000000 2819.758789 0.000000 -0.265963 -0.000000 -0.963983 0.404388 0.404388 0.404388
2862.287842 0.000000 2715.501465 0.000000 -0.689049 0.000000 0.724715 0.508090 0.508090 0.508090
2864.707031 0.000000 2705.765137 0.000000 0.667968 0.000000 0.744190 0.370828 0.370828 0.370828
2863.224365 0.000000 2707.545654 0.000000 -0.308011 0.000000 -0.951383 0.370828 0.370828 0.370828
2861.049316 0.000000 2706.917480 0.000000 -0.885757 0.000000 -0.464150 0.382172 0.382172 0.382172
2861.706543 0.000000 2713.232422 0.000000 -0.990604 0.000000 -0.136762 0.508090 0.508090 0.508090
2857.422363 0.000000 2708.753906 0.000000 0.455131 0.000000 -0.890425 0.404388 0.404388 0.404388
2859.760986 0.000000 2713.566895 0.000000 0.994473 0.000000 -0.104997 0.493009 0.493009 0.493009
2859.790039 0.000000 2708.785889 0.000000 0.851767 -0.000000 -0.523921 0.404388 0.404388 0.404388
2859.783447 0.000000 2711.656494 0.000000 0.931361 0.000000 -0.364096 0.392385 0.392385 0.392385
2862.490479 0.000000 2708.685791 0.000000 -0.855272 0.000000 0.518180 0.382172 0.382172 0.382172
2860.797119 0.000000 2710.157959 0.000000 -0.059088 0.000000 0.998253 0.370828 0.370828 0.370828
2863.136230 0.000000 2709.973633 0.000000 0.803302 0.000000 0.595573 0.370828 0.370828 0.370828
2866.476562 0.000000 2705.456787 0.000000 -0.846491 0.000000 0.532403 0.508090 0.508090 0.508090
2869.351807 0.000000 2708.309082 0.000000 0.757092 0.000000 0.653308 0.493009 0.493009 0.493009
2897.384766 0.000000 2789.885498 0.000000 -0.790996 0.000000 0.611821 0.392385 0.392385 0.392385
2896.466797 0.000000 2788.287109 0.000000 -0.364065 0.000000 -0.931374 0.370828 0.370828 0.370828
2906.854492 0.000000 2765.665283 0.000000 0.405986 0.000000 0.913879 0.493009 0.493009 0.493009
2908.885498 0.000000 2764.483887 0.000000 0.082724 0.000000 0.996573 0.493009 0.493009 0.493009
2829.669434 0.000000 2762.593018 0.000000 0.488974 0.000000 0.872299 0.493009 0.493009 0.493009
2885.809570 0.000000 2794.842285 0.000000 0.571936 0.000000 -0.820298 0.404388 0.404388 0.404388
2889.589600 0.000000 2793.607666 0.000000 0.296207 0.000000 -0.955124 0.370828 0.370828 0.370828
2834.683594 0.000000 2770.291748 0.000000 0.802485 0.000000 0.596673 0.404388 0.404388 0.404388
2888.014893 0.000000 2794.793213 0.000000 -0.684829 0.000000 -0.728704 0.382172 0.382172 0.382172
2886.728760 0.000000 2798.295654 0.000000 -0.999967 0.000000 0.008145 0.404388 0.404388 0.404388
2885.244873 0.000000 2819.878418 0.000000 -0.077725 0.000000 0.996975 0.508090 0.508090 0.508090
2832.119629 0.000000 2766.399902 0.000000 0.996991 0.000000 0.077525 0.493009 0.493009 0.493009
2832.238770 0.000000 2764.056152 -0.000000 0.214770 0.000000 0.976665 0.493009 0.493009 0.493009
2835.102539 0.000000 2772.854004 0.000000 -0.877102 0.000000 -0.480304 0.382172 0.382172 0.382172
2884.746582 0.000000 2825.235596 -0.000000 0.487342 0.000000 0.873211 0.508090 0.508090 0.508090
2880.729492 0.000000 2814.808594 0.000000 0.999308 0.000000 -0.037184 0.370828 0.370828 0.370828
2882.570068 0.000000 2813.246338 0.000000 0.878289 0.000000 -0.478130 0.382172 0.382172 0.382172
2877.646973 0.000000 2823.424805 0.000000 -0.419345 0.000000 -0.907827 0.404388 0.404388 0.404388
2873.606201 0.000000 2817.503418 0.000000 0.526291 0.000000 0.850304 0.404388 0.404388 0.404388
2881.735107 0.000000 2811.357178 -0.000000 -0.264045 0.000000 0.964510 0.404388 0.404388 0.404388
2879.874023 0.000000 2809.427734 0.000000 -0.480961 0.000000 -0.876742 0.392385 0.392385 0.392385
2880.114990 0.000000 2813.516846 0.000000 0.481110 0.000000 -0.876660 0.382172 0.382172 0.382172
2873.486084 0.000000 2814.885986 0.000000 -0.780263 0.000000 -0.625451 0.382172 0.382172 0.382172
2875.499512 0.000000 2816.644043 0.000000 -0.196418 0.000000 0.980520 0.370828 0.370828 0.370828
2880.202637 0.000000 2810.960449 0.000000 0.095366 -0.000000 -0.995442 0.370828 0.370828 0.370828
2878.932861 0.000000 2812.906982 0.000000 0.845685 0.000000 0.533682 0.370828 0.370828 0.370828
2883.861816 0.000000 2793.948486 0.000000 0.143080 0.000000 -0.989711 0.404388 0.404388 0.404388
2884.219482 0.000000 2821.453857 0.000000 -0.998601 0.000000 0.052876 0.493009 0.493009 0.493009
2870.989258 0.000000 2812.570312 0.000000 0.484258 0.000000 0.874925 0.493009 0.493009 0.493009
2883.015869 0.000000 2824.717773 -0.000000 0.358165 0.000000 0.933658 0.493009 0.493009 0.493009
2888.196045 0.000000 2796.600342 -0.000000 -0.890007 0.000000 0.455947 0.404388 0.404388 0.404388
2882.695068 0.000000 2826.157471 -0.000000 -0.548657 0.000000 0.836048 0.508090 0.508090 0.508090
2901.434082 0.000000 2786.516602 0.000000 -0.588524 0.000000 0.808480 0.213163 0.213163 0.213163
2883.182373 0.000000 2828.055176 0.000000 -0.502596 0.000000 -0.864522 0.493009 0.493009 0.493009
2886.656494 0.000000 2800.781250 -0.000000 -0.510370 0.000000 0.859955 0.493009 0.493009 0.493009
2884.518066 0.000000 2802.497070 0.000000 -0.970967 0.000000 -0.239213 0.493009 0.493009 0.493009
2889.973633 0.000000 2794.656494 0.000000 0.818626 0.000000 -0.574327 0.382172 0.382172 0.382172
2880.886719 0.000000 2791.758789 0.000000 0.783272 0.000000 0.621679 0.370828 0.370828 0.370828
2900.720703 0.000000 2787.653076 0.000000 0.802227 0.000000 -0.597018 0.213163 0.213163 0.213163
2902.747803 0.000000 2782.766846 0.000000 -0.775418 0.000000 -0.631448 0.382172 0.382172 0.382172
2903.934082 0.000000 2780.672119 0.000000 -0.880041 0.000000 0.474898 0.382172 0.382172 0.382172
2889.722168 0.000000 2791.237549 0.000000 0.771480 0.000000 -0.636254 0.493009 0.493009 0.493009
2891.111328 0.000000 2789.465088 0.000000 -0.828398 0.000000 -0.560141 0.493009 0.493009 0.493009
2894.399414 0.000000 2789.846924 0.000000 0.759228 0.000000 0.650825 0.508090 0.508090 0.508090
2905.564453 0.000000 2782.554688 0.000000 0.869113 0.000000 0.494614 0.370828 0.370828 0.370828
2905.238281 0.000000 2780.239502 0.000000 0.966629 0.000000 0.256179 0.370828 0.370828 0.370828
2907.078857 0.000000 2778.677246 0.000000 0.699555 0.000000 -0.714578 0.382172 0.382172 0.382172
2907.764404 0.000000 2774.831055 0.000000 -0.049776 -0.000000 -0.998760 0.404388 0.404388 0.404388
2906.243896 0.000000 2776.788086 0.000000 -0.492611 0.000000 -0.870250 0.404388 0.404388 0.404388
2904.382812 0.000000 2774.858643 0.000000 -0.995085 0.000000 0.099025 0.392385 0.392385 0.392385
2904.623779 0.000000 2778.947754 0.000000 0.607917 0.000000 0.794001 0.382172 0.382172 0.382172
2904.711426 0.000000 2776.391357 0.000000 -0.588524 0.000000 0.808480 0.370828 0.370828 0.370828
2903.441650 0.000000 2778.337891 0.000000 0.802227 0.000000 -0.597018 0.370828 0.370828 0.370828
2904.671387 0.000000 2791.886719 0.000000 -0.998885 0.000000 -0.047199 0.508090 0.508090 0.508090
2903.820557 0.000000 2788.829834 0.000000 0.992688 0.000000 -0.120712 0.508090 0.508090 0.508090
2907.265869 0.000000 2788.946045 -0.000000 -0.199048 0.000000 0.979990 0.493009 0.493009 0.493009
2904.643799 0.000000 2787.197754 0.000000 0.979721 0.000000 -0.200365 0.493009 0.493009 0.493009
2904.867432 0.000000 2783.987549 0.000000 -0.996164 0.000000 0.087503 0.508090 0.508090 0.508090
2902.981934 0.000000 2786.500244 0.000000 0.385127 0.000000 -0.922863 0.508090 0.508090 0.508090
2900.628174 0.000000 2784.070312 0.000000 0.600339 0.000000 -0.799746 0.493009 0.493009 0.493009
2901.142334 0.000000 2786.977539 0.000000 0.747678 0.000000 0.664061 0.493009 0.493009 0.493009
"}
object={
	name="Khand rock 10"
	render_pass=Map
	clamp_to_water_level=no
	generated_content=no
	layer="building_layer"
	pdxmesh="rock_khand_10_mesh"
	count=280
	transform="1529.294434 0.000000 5642.379395 0.000000 0.000000 0.000000 1.000000 0.414697 0.414697 0.414697
925.662354 0.000000 5381.516113 0.000000 0.000000 0.000000 1.000000 0.663623 0.663623 0.663623
985.164185 0.000000 5505.754883 0.000000 0.000000 0.000000 1.000000 1.000000 1.000000 1.000000
980.246582 0.000000 5498.151855 0.000000 0.057343 0.000000 -0.998355 0.690576 0.690576 0.690576
1288.419800 0.000000 5920.200684 0.000000 0.954921 0.000000 0.296861 1.725781 1.725781 1.725781
1254.285767 0.000000 5950.037109 0.000000 0.000000 0.000000 1.000000 2.473389 2.473389 2.473389
1208.120117 0.000000 5988.499023 0.000000 0.000000 0.000000 1.000000 1.240219 1.240219 1.240219
1208.120117 0.000000 5988.499023 0.000000 0.000000 0.000000 1.000000 1.000000 1.000000 1.000000
1190.113647 0.000000 5932.513184 0.000000 0.000000 0.000000 1.000000 1.025263 1.025263 1.025263
1182.388916 0.000000 5939.830078 0.000000 0.000000 0.000000 1.000000 1.690760 1.690760 1.690760
1124.838257 0.000000 5956.022949 0.000000 0.000000 0.000000 1.000000 1.690760 1.690760 1.690760
1112.730713 0.000000 5958.300781 0.000000 0.000000 0.000000 1.000000 1.000000 1.000000 1.000000
1357.339478 0.000000 4746.037598 0.000000 0.000000 0.000000 1.000000 0.364781 0.364781 0.364781
1367.423828 0.000000 2306.064453 0.000000 -0.151687 0.000000 -0.988428 0.588916 0.588916 0.588916
1361.060913 0.000000 2306.183838 0.000000 0.942269 0.000000 0.334858 0.588916 0.588916 0.588916
1109.716064 0.000000 2342.819824 0.000000 0.404871 0.000000 0.914374 0.588916 0.588916 0.588916
1127.401733 0.000000 2343.226074 0.000000 0.404871 0.000000 0.914374 0.588916 0.588916 0.588916
1145.462524 0.000000 2252.428711 0.000000 0.556648 0.000000 0.830748 0.588916 0.588916 0.588916
1127.679932 0.000000 2235.781982 0.000000 -0.263493 0.000000 0.964661 0.588916 0.588916 0.588916
1120.963745 0.000000 2346.112793 0.000000 -0.301940 0.000000 -0.953327 0.588916 0.588916 0.588916
1141.920044 0.000000 2345.078369 0.000000 0.773193 0.000000 -0.634169 0.588916 0.588916 0.588916
1138.649414 0.000000 2346.519043 0.000000 -0.301940 0.000000 -0.953327 0.588916 0.588916 0.588916
1132.930054 0.000000 2239.516357 0.000000 -0.915493 0.000000 0.402333 0.588916 0.588916 0.588916
1163.425293 0.000000 2252.779785 0.000000 0.652102 0.000000 -0.758131 0.588916 0.588916 0.588916
1157.157471 0.000000 2251.700195 0.000000 -0.461988 0.000000 -0.886886 0.588916 0.588916 0.588916
1350.324585 0.000000 2311.570312 0.000000 0.860974 0.000000 -0.508648 0.588916 0.588916 0.588916
1346.029785 0.000000 2306.879395 0.000000 -0.152806 0.000000 -0.988256 0.588916 0.588916 0.588916
1645.744873 0.000000 1975.463867 0.000000 0.000000 0.000000 1.000000 1.000000 1.000000 1.000000
1084.032959 -2.853271 2127.263428 0.000000 -0.999520 0.000000 0.030989 1.409398 1.409398 1.409398
1125.043335 -0.500244 2159.355225 0.000000 -0.139771 0.000000 0.990184 0.813291 0.813291 0.813291
1118.985840 -0.500244 2148.692871 0.000000 -0.003254 0.000000 0.999995 0.813291 0.813291 0.813291
1099.600220 -0.500244 2134.693359 0.000000 0.246249 0.000000 0.969207 0.813291 0.813291 0.813291
1090.596802 -0.500244 2128.291016 0.000000 0.246249 0.000000 0.969207 0.813291 0.813291 0.813291
1082.154785 -0.500244 2124.857422 0.000000 0.246249 0.000000 0.969207 0.813291 0.813291 0.813291
1073.083984 -0.500244 2117.108887 0.000000 0.246249 0.000000 0.969207 0.813291 0.813291 0.813291
2883.706787 0.000000 2833.731445 0.000000 0.967679 0.000000 0.252185 0.174846 0.174846 0.174846
2884.273438 0.000000 2833.622559 0.000000 -0.703809 0.000000 -0.710389 0.174846 0.174846 0.174846
2882.939697 0.000000 2833.579102 0.000000 -0.886039 0.000000 0.463612 0.169656 0.169656 0.169656
2885.163818 0.000000 2830.436035 0.000000 -0.671601 0.000000 -0.740914 0.169656 0.169656 0.169656
2882.575928 0.000000 2834.226807 0.000000 -0.458843 0.000000 0.888517 0.174846 0.174846 0.174846
2882.168945 0.000000 2833.852539 0.000000 0.545961 0.000000 -0.837811 0.174846 0.174846 0.174846
2825.977783 0.000000 2769.359375 0.000000 0.955807 0.000000 -0.293994 0.174846 0.174846 0.174846
2826.380127 0.000000 2768.941406 0.000000 -0.388488 -0.000000 -0.921454 0.174846 0.174846 0.174846
2825.265869 0.000000 2769.682373 0.000000 0.711053 0.000000 -0.703138 0.169656 0.169656 0.169656
2825.202148 0.000000 2769.138184 0.000000 -0.991711 0.000000 0.128491 0.169656 0.169656 0.169656
2825.344238 0.000000 2770.424316 0.000000 -0.610136 0.000000 -0.792296 0.174846 0.174846 0.174846
2824.804932 0.000000 2770.360840 0.000000 -0.712176 0.000000 0.702001 0.174846 0.174846 0.174846
2870.686768 0.000000 2715.245850 0.000000 0.524025 0.000000 -0.851703 0.174846 0.174846 0.174846
2870.818604 0.000000 2714.687256 0.000000 0.044782 0.000000 0.998997 0.174846 0.174846 0.174846
2870.234375 0.000000 2715.890381 0.000000 -0.046719 0.000000 -0.998908 0.169656 0.169656 0.169656
2869.904053 0.000000 2715.454590 0.000000 0.190438 0.000000 0.981699 0.169656 0.169656 0.169656
2897.710205 0.000000 2788.659180 0.000000 0.812405 0.000000 -0.583094 0.174846 0.174846 0.174846
2854.786133 0.000000 2709.615723 -0.000000 0.376860 0.000000 0.926270 0.174846 0.174846 0.174846
2897.707275 0.000000 2789.224121 0.000000 -0.994658 0.000000 0.103222 0.174846 0.174846 0.174846
2898.004639 0.000000 2787.934326 0.000000 -0.819423 0.000000 0.573189 0.169656 0.169656 0.169656
2898.428223 0.000000 2788.289551 0.000000 -0.711266 0.000000 0.702923 0.169656 0.169656 0.169656
2897.448242 0.000000 2787.459229 0.000000 -0.450410 0.000000 0.892822 0.174846 0.174846 0.174846
2897.892090 0.000000 2787.104736 0.000000 0.831742 0.000000 0.555163 0.174846 0.174846 0.174846
2878.880127 0.000000 2820.911377 0.000000 0.958985 0.000000 0.283459 0.174846 0.174846 0.174846
2855.499023 0.000000 2709.936279 0.000000 -0.993755 0.000000 -0.111589 0.169656 0.169656 0.169656
2908.997559 0.000000 2772.317627 0.000000 -0.250722 0.000000 -0.968059 0.174846 0.174846 0.174846
2878.175537 0.000000 2821.250488 0.000000 -0.635979 0.000000 0.771706 0.169656 0.169656 0.169656
2829.280273 0.000000 2760.681152 -0.000000 -0.402267 0.000000 0.915523 0.169656 0.169656 0.169656
2883.701904 0.000000 2806.679688 0.000000 -0.643293 0.000000 -0.765620 0.169656 0.169656 0.169656
2881.019531 0.000000 2809.247070 0.000000 -0.799065 0.000000 0.601245 0.174846 0.174846 0.174846
2875.739990 0.000000 2818.689941 0.000000 0.296449 0.000000 0.955049 0.174846 0.174846 0.174846
2876.795898 0.000000 2819.800049 0.000000 -0.021705 0.000000 -0.999765 0.174846 0.174846 0.174846
2908.292969 0.000000 2772.656738 0.000000 0.238952 0.000000 0.971031 0.169656 0.169656 0.169656
2880.513428 0.000000 2809.482910 0.000000 0.110404 0.000000 -0.993887 0.174846 0.174846 0.174846
2881.800537 0.000000 2809.194580 0.000000 -0.945043 0.000000 -0.326946 0.169656 0.169656 0.169656
2826.501953 0.000000 2774.895020 0.000000 0.742689 0.000000 -0.669636 0.174846 0.174846 0.174846
2881.667236 0.000000 2809.733643 0.000000 0.749962 -0.000000 -0.661481 0.169656 0.169656 0.169656
2881.989258 0.000000 2808.493408 0.000000 -0.681859 0.000000 0.731484 0.174846 0.174846 0.174846
2862.015381 0.000000 2721.848145 0.000000 -0.651206 0.000000 -0.758901 0.174846 0.174846 0.174846
2855.138184 0.000000 2710.348389 0.000000 -0.069667 0.000000 -0.997570 0.169656 0.169656 0.169656
2826.729980 0.000000 2775.414062 0.000000 0.980131 0.000000 0.198352 0.174846 0.174846 0.174846
2862.535156 0.000000 2722.090332 0.000000 -0.889620 0.000000 -0.456701 0.174846 0.174846 0.174846
2826.443115 0.000000 2774.109863 0.000000 0.936461 0.000000 0.350772 0.169656 0.169656 0.169656
2858.818359 0.000000 2710.721191 0.000000 -0.651206 0.000000 -0.758901 0.174846 0.174846 0.174846
2826.980469 0.000000 2774.249023 0.000000 -0.990172 0.000000 0.139855 0.169656 0.169656 0.169656
2825.736572 0.000000 2773.919434 0.000000 0.882177 0.000000 -0.470918 0.174846 0.174846 0.174846
2859.338135 0.000000 2710.963379 0.000000 -0.889620 0.000000 -0.456701 0.174846 0.174846 0.174846
2825.971436 0.000000 2773.428467 0.000000 0.953552 0.000000 -0.301228 0.174846 0.174846 0.174846
2861.472900 0.000000 2721.285156 0.000000 -0.427483 -0.000000 -0.904023 0.169656 0.169656 0.169656
2813.421631 0.000000 2763.888184 0.000000 -0.526848 0.000000 0.849960 0.219683 0.219683 0.219683
2814.121094 0.000000 2764.134033 0.000000 0.591134 0.000000 0.806574 0.219683 0.219683 0.219683
2882.511963 0.000000 2808.722656 0.000000 -0.532035 0.000000 -0.846723 0.174846 0.174846 0.174846
2861.966064 0.000000 2721.041260 0.000000 0.214898 0.000000 0.976637 0.169656 0.169656 0.169656
2860.802490 0.000000 2721.599365 0.000000 -0.363688 0.000000 0.931521 0.174846 0.174846 0.174846
2860.665039 0.000000 2721.069824 0.000000 -0.401246 0.000000 0.915971 0.174846 0.174846 0.174846
2908.210693 0.000000 2772.110596 0.000000 0.398970 0.000000 0.916964 0.169656 0.169656 0.169656
2875.174805 0.000000 2819.215576 0.000000 0.705928 -0.000000 -0.708284 0.169656 0.169656 0.169656
2858.275879 0.000000 2710.158203 0.000000 -0.427483 -0.000000 -0.904023 0.169656 0.169656 0.169656
2874.928467 0.000000 2818.729736 0.000000 0.508277 0.000000 0.861194 0.169656 0.169656 0.169656
2905.528320 0.000000 2774.677979 0.000000 0.997994 0.000000 -0.063316 0.174846 0.174846 0.174846
2878.911865 0.000000 2793.438721 -0.000000 0.009566 0.000000 0.999954 0.169656 0.169656 0.169656
2858.769043 0.000000 2709.914307 0.000000 0.214898 0.000000 0.976637 0.169656 0.169656 0.169656
2857.605469 0.000000 2710.472412 0.000000 -0.363688 0.000000 0.931521 0.174846 0.174846 0.174846
2857.468018 0.000000 2709.942871 0.000000 -0.401246 0.000000 0.915971 0.174846 0.174846 0.174846
2879.082031 0.000000 2792.912109 -0.000000 0.177724 0.000000 0.984080 0.169656 0.169656 0.169656
2905.022217 0.000000 2774.913818 0.000000 -0.897924 0.000000 -0.440151 0.174846 0.174846 0.174846
2868.015625 0.000000 2707.469482 0.000000 0.704158 0.000000 0.710043 0.219683 0.219683 0.219683
2812.659424 0.000000 2763.267334 0.000000 0.677379 0.000000 0.735634 0.213163 0.213163 0.213163
2813.282715 0.000000 2762.888672 0.000000 -0.935718 0.000000 -0.352748 0.213163 0.213163 0.213163
2811.919189 0.000000 2763.743652 0.000000 0.999973 0.000000 -0.007402 0.219683 0.219683 0.219683
2868.683594 0.000000 2707.789795 0.000000 0.762583 0.000000 0.646891 0.219683 0.219683 0.219683
2811.642334 0.000000 2763.098389 0.000000 -0.933393 0.000000 0.358856 0.219683 0.219683 0.219683
2811.882568 0.000000 2764.737549 0.000000 0.599069 0.000000 0.800697 0.213163 0.213163 0.213163
2811.239502 0.000000 2764.483887 0.000000 -0.605250 0.000000 0.796035 0.213163 0.213163 0.213163
2906.309326 0.000000 2774.625488 0.000000 -0.998689 0.000000 0.051196 0.169656 0.169656 0.169656
2824.351807 0.000000 2767.016113 0.000000 -0.204046 0.000000 -0.978961 0.219683 0.219683 0.219683
2825.051270 0.000000 2767.261963 0.000000 -0.691045 0.000000 -0.722812 0.219683 0.219683 0.219683
2823.589600 0.000000 2766.395264 0.000000 -0.772085 0.000000 -0.635520 0.213163 0.213163 0.213163
2906.176025 0.000000 2775.164551 0.000000 -0.975827 0.000000 0.218547 0.169656 0.169656 0.169656
2906.498047 0.000000 2773.924316 0.000000 -0.855439 0.000000 0.517903 0.174846 0.174846 0.174846
2907.020752 0.000000 2774.153564 -0.000000 0.410556 0.000000 0.911835 0.174846 0.174846 0.174846
2824.212891 0.000000 2766.016602 0.000000 0.224124 -0.000000 -0.974561 0.213163 0.213163 0.213163
2867.328125 0.000000 2706.767334 0.000000 -0.941666 0.000000 0.336548 0.213163 0.213163 0.213163
2867.988770 0.000000 2706.458984 0.000000 -0.426930 0.000000 -0.904285 0.213163 0.213163 0.213163
2866.538330 0.000000 2707.156006 0.000000 0.835640 0.000000 0.549278 0.219683 0.219683 0.219683
2868.103271 0.000000 2714.048584 0.000000 -0.884440 0.000000 0.466654 0.219683 0.219683 0.219683
2868.825439 0.000000 2713.903564 0.000000 -0.654063 0.000000 0.756440 0.219683 0.219683 0.219683
2867.134521 0.000000 2713.907959 0.000000 0.965338 0.000000 0.261003 0.213163 0.213163 0.213163
2866.336182 0.000000 2706.483398 0.000000 0.993608 0.000000 -0.112882 0.219683 0.219683 0.219683
2866.390869 0.000000 2708.141357 0.000000 0.420530 0.000000 0.907279 0.213163 0.213163 0.213163
2865.780518 0.000000 2707.815430 0.000000 0.025405 0.000000 0.999677 0.213163 0.213163 0.213163
2867.476562 0.000000 2713.266846 0.000000 -0.889805 0.000000 -0.456341 0.213163 0.213163 0.213163
2866.736572 0.000000 2714.689941 0.000000 -0.999159 0.000000 -0.041000 0.219683 0.219683 0.219683
2822.849365 0.000000 2766.871582 0.000000 -0.918170 0.000000 -0.396187 0.219683 0.219683 0.219683
2866.166504 0.000000 2714.266846 0.000000 0.804042 0.000000 -0.594572 0.219683 0.219683 0.219683
2867.197266 0.000000 2715.564209 0.000000 0.220216 0.000000 -0.975451 0.213163 0.213163 0.213163
2866.523682 0.000000 2715.667236 0.000000 0.927177 0.000000 -0.374623 0.213163 0.213163 0.213163
2860.475342 0.000000 2716.108887 0.000000 -0.866822 0.000000 -0.498617 0.213163 0.213163 0.213163
2860.392822 0.000000 2716.814453 0.000000 0.459118 0.000000 0.888376 0.213163 0.213163 0.213163
2902.086670 0.000000 2783.816650 0.000000 -0.937313 0.000000 0.348489 0.219683 0.219683 0.219683
2822.572510 0.000000 2766.226318 0.000000 -0.638219 0.000000 -0.769855 0.219683 0.219683 0.219683
2860.559082 0.000000 2715.222168 0.000000 0.680381 0.000000 0.732859 0.219683 0.219683 0.219683
2822.812744 0.000000 2767.865479 0.000000 0.583795 -0.000000 -0.811901 0.213163 0.213163 0.213163
2873.155518 0.000000 2704.187256 0.000000 -0.702361 0.000000 -0.711821 0.213163 0.213163 0.213163
2861.256104 0.000000 2715.425781 0.000000 0.995756 0.000000 -0.092031 0.219683 0.219683 0.219683
2859.803955 0.000000 2714.593750 0.000000 0.941215 0.000000 0.337808 0.213163 0.213163 0.213163
2860.423584 0.000000 2714.218994 0.000000 -0.186079 0.000000 0.982535 0.213163 0.213163 0.213163
2822.169678 0.000000 2767.611816 0.000000 -0.867597 0.000000 0.497268 0.213163 0.213163 0.213163
2901.446045 0.000000 2784.112061 -0.000000 0.608012 0.000000 0.793928 0.219683 0.219683 0.219683
2885.704346 0.000000 2828.215576 0.000000 -0.986042 0.000000 -0.166498 0.219683 0.219683 0.219683
2810.759766 0.000000 2765.159912 0.000000 -0.994236 0.000000 0.107212 0.382172 0.382172 0.382172
2865.227539 0.000000 2708.436279 0.000000 0.609360 0.000000 0.792893 0.382172 0.382172 0.382172
2856.448730 0.000000 2712.126465 0.000000 0.556184 0.000000 0.831060 0.404388 0.404388 0.404388
2853.022705 0.000000 2712.059326 0.000000 0.712276 0.000000 -0.701900 0.370828 0.370828 0.370828
2886.135254 0.000000 2828.812256 0.000000 -0.709901 0.000000 0.704301 0.219683 0.219683 0.219683
2885.448730 0.000000 2827.268066 0.000000 0.942233 -0.000000 -0.334959 0.213163 0.213163 0.213163
2854.592529 0.000000 2710.271973 0.000000 -0.233597 0.000000 0.972334 0.392385 0.392385 0.392385
2886.174072 0.000000 2827.313232 0.000000 0.632290 0.000000 -0.774732 0.213163 0.213163 0.213163
2884.568359 0.000000 2827.212891 0.000000 0.996978 0.000000 -0.077686 0.219683 0.219683 0.219683
2823.014404 0.000000 2768.880859 0.000000 -0.998902 0.000000 0.046851 0.404388 0.404388 0.404388
2867.884521 0.000000 2716.326172 0.000000 0.516561 0.000000 -0.856250 0.404388 0.404388 0.404388
2811.991699 0.000000 2765.608154 0.000000 -0.004406 0.000000 0.999990 0.382172 0.382172 0.382172
2884.723633 0.000000 2826.526367 0.000000 -0.449720 0.000000 -0.893170 0.219683 0.219683 0.219683
2883.958008 0.000000 2828.008545 0.000000 0.120141 0.000000 0.992757 0.213163 0.213163 0.213163
2883.587402 0.000000 2827.417725 0.000000 0.872921 0.000000 0.487862 0.213163 0.213163 0.213163
2903.068359 0.000000 2783.749756 0.000000 -0.851017 0.000000 0.525138 0.213163 0.213163 0.213163
2902.896973 0.000000 2784.429199 0.000000 0.904417 0.000000 0.426650 0.213163 0.213163 0.213163
2903.301270 0.000000 2782.870605 0.000000 0.862637 0.000000 0.505824 0.219683 0.219683 0.219683
2903.957031 0.000000 2783.156982 0.000000 -0.612551 0.000000 -0.790431 0.219683 0.219683 0.219683
2902.619629 0.000000 2782.138184 0.000000 0.958363 0.000000 -0.285552 0.213163 0.213163 0.213163
2903.292236 0.000000 2781.870605 0.000000 -0.718359 0.000000 -0.695672 0.213163 0.213163 0.213163
2883.542236 0.000000 2828.937988 0.000000 -0.687998 0.000000 -0.725713 0.404388 0.404388 0.404388
2900.497314 0.000000 2789.232178 0.000000 -0.937313 0.000000 0.348489 0.219683 0.219683 0.219683
2899.856689 0.000000 2789.527588 -0.000000 0.608012 0.000000 0.793928 0.219683 0.219683 0.219683
2866.402588 0.000000 2709.015869 0.000000 0.907191 0.000000 0.420720 0.382172 0.382172 0.382172
2901.479004 0.000000 2789.165283 0.000000 -0.851017 0.000000 0.525138 0.213163 0.213163 0.213163
2881.454346 0.000000 2806.518799 0.000000 -0.422214 0.000000 0.906496 0.404388 0.404388 0.404388
2878.121338 0.000000 2818.014893 0.000000 0.634778 0.000000 0.772695 0.370828 0.370828 0.370828
2878.475098 0.000000 2820.306152 0.000000 -0.872134 0.000000 0.489266 0.392385 0.392385 0.392385
2901.307617 0.000000 2789.844727 0.000000 0.904417 0.000000 0.426650 0.213163 0.213163 0.213163
2901.711914 0.000000 2788.286133 0.000000 0.862637 0.000000 0.505824 0.219683 0.219683 0.219683
2885.781250 0.000000 2830.356934 0.000000 0.772561 0.000000 -0.634941 0.392385 0.392385 0.392385
2902.367676 0.000000 2788.572510 0.000000 -0.612551 0.000000 -0.790431 0.219683 0.219683 0.219683
2901.030273 0.000000 2787.553711 0.000000 0.958363 0.000000 -0.285552 0.213163 0.213163 0.213163
2901.702881 0.000000 2787.286133 0.000000 -0.718359 0.000000 -0.695672 0.213163 0.213163 0.213163
2907.563477 0.000000 2767.789062 0.000000 0.333740 0.000000 -0.942665 0.382172 0.382172 0.382172
2825.654785 0.000000 2768.727783 0.000000 0.698452 0.000000 -0.715657 0.392385 0.392385 0.392385
2906.340332 0.000000 2767.786621 0.000000 -0.660470 0.000000 0.750853 0.382172 0.382172 0.382172
2903.128418 0.000000 2781.060303 0.000000 -0.937313 0.000000 0.348489 0.382172 0.382172 0.382172
2905.963135 0.000000 2771.949707 0.000000 0.997100 0.000000 -0.076100 0.404388 0.404388 0.404388
2908.238770 0.000000 2769.421143 0.000000 -0.547428 0.000000 0.836853 0.370828 0.370828 0.370828
2870.096680 0.000000 2714.876953 0.000000 -0.847376 0.000000 -0.530993 0.392385 0.392385 0.392385
2832.729736 0.000000 2775.608887 0.000000 -0.985638 0.000000 0.168872 0.370828 0.370828 0.370828
2810.533936 0.000000 2763.429443 0.000000 0.991019 0.000000 0.133719 0.370828 0.370828 0.370828
2908.592529 0.000000 2771.712402 0.000000 0.979128 0.000000 0.203246 0.392385 0.392385 0.392385
2831.247803 0.000000 2775.252930 0.000000 0.994593 0.000000 0.103847 0.382172 0.382172 0.382172
2831.725586 0.000000 2774.127197 0.000000 0.850832 0.000000 0.525438 0.382172 0.382172 0.382172
2873.025391 0.000000 2814.814941 0.000000 0.719077 0.000000 0.694930 0.382172 0.382172 0.382172
2829.943848 0.000000 2776.375488 0.000000 0.993870 0.000000 -0.110559 0.370828 0.370828 0.370828
2828.016602 0.000000 2772.252930 0.000000 0.036341 0.000000 -0.999339 0.404388 0.404388 0.404388
2829.491943 0.000000 2775.269287 0.000000 0.936776 0.000000 0.349930 0.370828 0.370828 0.370828
2827.214600 0.000000 2774.804688 0.000000 0.937113 0.000000 -0.349027 0.392385 0.392385 0.392385
2822.586426 0.000000 2764.489258 0.000000 0.410434 0.000000 -0.911890 0.508090 0.508090 0.508090
2824.128906 0.000000 2763.720459 0.000000 0.760213 0.000000 -0.649674 0.508090 0.508090 0.508090
2820.389648 0.000000 2764.686035 0.000000 -0.666182 0.000000 -0.745789 0.493009 0.493009 0.493009
2865.311768 0.000000 2712.779541 0.000000 0.951928 0.000000 0.306321 0.508090 0.508090 0.508090
2866.237061 0.000000 2711.311768 0.000000 0.752692 0.000000 -0.658373 0.508090 0.508090 0.508090
2820.701416 0.000000 2763.169189 0.000000 -0.664192 0.000000 -0.747562 0.493009 0.493009 0.493009
2862.499512 0.000000 2721.307373 0.000000 -0.743112 0.000000 -0.669167 0.392385 0.392385 0.392385
2862.991211 0.000000 2712.585693 0.000000 -0.075608 0.000000 0.997138 0.493009 0.493009 0.493009
2819.875977 0.000000 2766.760254 0.000000 0.905157 0.000000 0.425078 0.508090 0.508090 0.508090
2818.394531 0.000000 2766.117188 0.000000 0.939632 0.000000 0.342188 0.508090 0.508090 0.508090
2866.361084 0.000000 2716.722656 0.000000 0.976405 0.000000 -0.215947 0.493009 0.493009 0.493009
2821.484375 0.000000 2768.433838 0.000000 0.865144 0.000000 -0.501524 0.493009 0.493009 0.493009
2864.026611 0.000000 2707.217041 0.000000 0.775098 0.000000 -0.631841 0.370828 0.370828 0.370828
2865.196289 0.000000 2706.688721 0.000000 -0.393492 0.000000 -0.919328 0.370828 0.370828 0.370828
2862.566895 0.000000 2716.494385 0.000000 0.777797 0.000000 0.628515 0.508090 0.508090 0.508090
2814.031250 0.000000 2763.135498 0.000000 0.084337 0.000000 0.996437 0.493009 0.493009 0.493009
2862.673584 0.000000 2707.903076 0.000000 -0.998484 0.000000 -0.055052 0.382172 0.382172 0.382172
2862.318604 0.000000 2706.743652 0.000000 0.731666 -0.000000 -0.681663 0.382172 0.382172 0.382172
2900.239014 0.000000 2786.957520 0.000000 0.430710 0.000000 0.902490 0.404388 0.404388 0.404388
2860.152344 0.000000 2713.204102 0.000000 -0.874315 0.000000 -0.485359 0.493009 0.493009 0.493009
2862.402832 0.000000 2709.605957 0.000000 0.449543 0.000000 0.893259 0.370828 0.370828 0.370828
2858.266357 0.000000 2707.743408 0.000000 0.427008 0.000000 -0.904248 0.404388 0.404388 0.404388
2861.354004 0.000000 2709.057129 0.000000 0.849583 0.000000 0.527454 0.370828 0.370828 0.370828
2859.302490 0.000000 2710.180420 0.000000 -0.743112 0.000000 -0.669167 0.392385 0.392385 0.392385
2873.326904 0.000000 2701.897217 0.000000 -0.540480 -0.000000 -0.841357 0.508090 0.508090 0.508090
2868.762939 0.000000 2704.444580 0.000000 0.839865 0.000000 0.542795 0.508090 0.508090 0.508090
2867.360596 0.000000 2703.637695 0.000000 -0.446904 -0.000000 -0.894582 0.508090 0.508090 0.508090
2870.175537 0.000000 2706.287354 0.000000 -0.597806 0.000000 -0.801641 0.493009 0.493009 0.493009
2868.706299 0.000000 2706.786133 0.000000 -0.075252 -0.000000 -0.997164 0.493009 0.493009 0.493009
2835.494385 0.000000 2773.088379 0.000000 -0.993512 0.000000 -0.113730 0.382172 0.382172 0.382172
2901.988770 0.000000 2781.570068 -0.000000 0.608012 0.000000 0.793928 0.382172 0.382172 0.382172
2907.267334 0.000000 2764.582031 0.000000 0.396237 0.000000 0.918148 0.493009 0.493009 0.493009
2889.714600 0.000000 2794.202881 0.000000 0.541305 0.000000 -0.840826 0.382172 0.382172 0.382172
2885.739746 0.000000 2825.142090 0.000000 -0.577331 0.000000 0.816510 0.508090 0.508090 0.508090
2887.433105 0.000000 2825.400146 0.000000 -0.940989 0.000000 -0.338437 0.508090 0.508090 0.508090
2836.603516 0.000000 2768.597168 0.000000 -0.328567 0.000000 -0.944481 0.382172 0.382172 0.382172
2883.833740 0.000000 2824.001709 0.000000 0.458476 0.000000 -0.888707 0.493009 0.493009 0.493009
2884.988525 0.000000 2822.970947 0.000000 0.492037 0.000000 0.870574 0.493009 0.493009 0.493009
2880.712646 0.000000 2813.988281 0.000000 0.846836 0.000000 0.531854 0.382172 0.382172 0.382172
2881.848145 0.000000 2814.477539 0.000000 0.992417 0.000000 0.122915 0.382172 0.382172 0.382172
2882.213623 0.000000 2825.408936 0.000000 -0.970032 0.000000 0.242977 0.508090 0.508090 0.508090
2879.545410 0.000000 2812.710938 0.000000 0.650326 0.000000 -0.759656 0.370828 0.370828 0.370828
2878.076172 0.000000 2824.804688 0.000000 0.999725 0.000000 -0.023465 0.404388 0.404388 0.404388
2871.842041 0.000000 2815.164551 0.000000 0.251512 -0.000000 -0.967854 0.382172 0.382172 0.382172
2880.693115 0.000000 2812.243408 0.000000 -0.273285 0.000000 -0.961933 0.370828 0.370828 0.370828
2881.134766 0.000000 2810.008301 0.000000 -0.768703 0.000000 -0.639606 0.392385 0.392385 0.392385
2872.730469 0.000000 2819.239258 0.000000 -0.703335 0.000000 0.710859 0.404388 0.404388 0.404388
2836.579346 0.000000 2772.534912 0.000000 0.879896 0.000000 0.475166 0.382172 0.382172 0.382172
2837.729248 0.000000 2772.314941 0.000000 0.950938 0.000000 0.309382 0.404388 0.404388 0.404388
2874.157471 0.000000 2816.172363 0.000000 -0.733927 0.000000 -0.679229 0.370828 0.370828 0.370828
2875.179932 0.000000 2818.238525 0.000000 -0.986694 0.000000 -0.162589 0.392385 0.392385 0.392385
2881.375977 0.000000 2824.007812 0.000000 0.215654 0.000000 -0.976470 0.508090 0.508090 0.508090
2835.120850 0.000000 2768.580811 0.000000 -0.297875 0.000000 -0.954605 0.404388 0.404388 0.404388
2831.379883 0.000000 2765.457520 0.000000 -0.967736 0.000000 -0.251966 0.493009 0.493009 0.493009
2834.162109 0.000000 2771.903320 0.000000 0.938341 0.000000 0.345710 0.370828 0.370828 0.370828
2882.553223 0.000000 2827.707031 0.000000 0.241234 0.000000 0.970467 0.493009 0.493009 0.493009
2888.615479 0.000000 2793.655273 -0.000000 -0.815252 0.000000 0.579106 0.382172 0.382172 0.382172
2884.901123 0.000000 2795.309326 0.000000 -0.697967 0.000000 0.716130 0.404388 0.404388 0.404388
2882.640137 0.000000 2792.733154 0.000000 -0.142296 0.000000 -0.989824 0.370828 0.370828 0.370828
2909.317871 0.000000 2765.893799 -0.000000 -0.260600 0.000000 0.965447 0.508090 0.508090 0.508090
2898.423828 0.000000 2788.904297 0.000000 0.163694 0.000000 0.986511 0.392385 0.392385 0.392385
2886.409912 0.000000 2797.200928 0.000000 0.987927 0.000000 0.154920 0.404388 0.404388 0.404388
2886.156494 0.000000 2802.104980 0.000000 0.653897 0.000000 -0.756584 0.493009 0.493009 0.493009
2889.585205 0.000000 2795.965820 -0.000000 -0.724981 0.000000 0.688769 0.370828 0.370828 0.370828
2876.694092 0.000000 2819.072754 0.000000 0.906283 0.000000 0.422672 0.392385 0.392385 0.392385
2904.837402 0.000000 2780.938965 0.000000 -0.851017 0.000000 0.525138 0.370828 0.370828 0.370828
2904.520264 0.000000 2782.131348 0.000000 0.904417 0.000000 0.426650 0.370828 0.370828 0.370828
2889.685791 0.000000 2790.084961 0.000000 0.448970 0.000000 0.893547 0.493009 0.493009 0.493009
2905.221436 0.000000 2779.419189 0.000000 0.862637 0.000000 0.505824 0.382172 0.382172 0.382172
2906.356934 0.000000 2779.908447 0.000000 -0.612551 0.000000 -0.790431 0.382172 0.382172 0.382172
2892.063721 0.000000 2790.616455 0.000000 0.614571 0.000000 0.788861 0.508090 0.508090 0.508090
2904.054199 0.000000 2778.141846 0.000000 0.958363 0.000000 -0.285552 0.370828 0.370828 0.370828
2908.193604 0.000000 2776.210938 0.000000 -0.113648 0.000000 0.993521 0.404388 0.404388 0.404388
2905.201904 0.000000 2777.674316 0.000000 -0.718359 0.000000 -0.695672 0.370828 0.370828 0.370828
2905.643555 0.000000 2775.439209 -0.000000 -0.384568 0.000000 0.923097 0.392385 0.392385 0.392385
2903.492920 0.000000 2789.863037 0.000000 -0.863227 0.000000 0.504817 0.508090 0.508090 0.508090
2902.924316 0.000000 2791.432129 0.000000 -0.992042 0.000000 -0.125911 0.508090 0.508090 0.508090
2904.988281 0.000000 2788.154541 0.000000 -0.952669 0.000000 -0.304009 0.493009 0.493009 0.493009
2905.792725 0.000000 2789.551025 -0.000000 -0.577456 0.000000 0.816422 0.493009 0.493009 0.493009
2903.896484 0.000000 2786.349854 0.000000 -0.863295 0.000000 0.504699 0.508090 0.508090 0.508090
2905.434082 0.000000 2785.747803 0.000000 -0.993660 0.000000 -0.112430 0.508090 0.508090 0.508090
2901.589600 0.000000 2786.261475 0.000000 -0.709397 0.000000 0.704809 0.493009 0.493009 0.493009
2902.223145 0.000000 2784.771484 0.000000 -0.521574 0.000000 -0.853206 0.493009 0.493009 0.493009
"}
object={
	name="Khand rock 11"
	render_pass=Map
	clamp_to_water_level=no
	generated_content=no
	layer="building_layer"
	pdxmesh="rock_khand_11_mesh"
	count=154
	transform="1232.419312 0.000000 5924.538086 0.000000 -0.407388 0.000000 0.913255 1.000000 1.000000 1.000000
1239.269409 0.000000 5930.139648 0.000000 0.565292 0.000000 -0.824891 1.000000 1.000000 1.000000
1238.870361 0.000000 5923.064941 0.000000 0.044366 -0.000000 -0.999015 1.000000 1.000000 1.000000
1274.579834 0.000000 5932.346680 0.000000 0.044366 -0.000000 -0.999015 1.000000 1.000000 1.000000
1296.352173 0.000000 5914.236328 0.000000 0.044366 -0.000000 -0.999015 1.000000 1.000000 1.000000
1290.463867 0.000000 5929.578613 0.000000 -0.900548 0.000000 0.434756 1.000000 1.000000 1.000000
1252.201050 0.000000 5939.162598 0.000000 0.000000 0.000000 1.000000 1.000000 1.000000 1.000000
1353.229370 0.000000 4752.251465 0.000000 0.956596 0.000000 -0.291416 1.000000 1.000000 1.000000
1366.778076 0.000000 2308.776123 0.000000 -0.740506 0.000000 -0.672050 1.000000 1.000000 1.000000
1138.160400 0.000000 2257.675049 0.000000 -0.600765 0.000000 -0.799425 1.000000 1.000000 1.000000
1140.292603 0.000000 2253.523682 0.000000 0.150427 0.000000 -0.988621 1.000000 1.000000 1.000000
1124.647705 0.000000 2237.727295 0.000000 0.299465 0.000000 0.954107 1.000000 1.000000 1.000000
1141.046021 0.000000 2243.079346 0.000000 -0.985276 0.000000 -0.170971 1.000000 1.000000 1.000000
1136.573608 0.000000 2243.308838 0.000000 0.988169 0.000000 0.153368 1.000000 1.000000 1.000000
1127.489014 0.000000 2352.100342 0.000000 -0.787203 0.000000 0.616694 1.000000 1.000000 1.000000
1117.047485 0.000000 2342.667236 0.000000 0.152720 0.000000 0.988269 1.000000 1.000000 1.000000
1130.340210 0.000000 2343.785400 0.000000 -0.931370 0.000000 0.364073 1.000000 1.000000 1.000000
1134.733154 0.000000 2343.073486 0.000000 0.152720 0.000000 0.988269 1.000000 1.000000 1.000000
1165.315796 0.000000 2249.914551 0.000000 -0.668918 0.000000 0.743336 1.000000 1.000000 1.000000
1148.388794 0.000000 2251.937988 0.000000 -0.854533 0.000000 0.519397 1.000000 1.000000 1.000000
1152.324219 0.000000 2249.800293 0.000000 0.321041 0.000000 0.947065 1.000000 1.000000 1.000000
1353.610107 0.000000 2310.465820 0.000000 -0.872150 0.000000 0.489238 1.000000 1.000000 1.000000
1342.595703 0.000000 2308.238037 0.000000 -0.976046 0.000000 0.217563 1.000000 1.000000 1.000000
1337.873413 0.000000 2304.122070 0.000000 0.000000 0.000000 1.000000 1.000000 1.000000 1.000000
1106.902100 0.000000 2139.595215 0.000000 0.000000 0.000000 1.000000 1.000000 1.000000 1.000000
1068.614258 -5.039062 2110.604492 0.000000 0.940966 0.000000 0.338500 1.000000 1.000000 1.000000
1063.018311 -5.039062 2102.754883 0.000000 -0.997914 0.000000 0.064556 1.000000 1.000000 1.000000
1064.869263 -5.039062 2108.041016 0.000000 -0.289600 0.000000 0.957148 1.000000 1.000000 1.000000
1071.261230 -5.039062 2116.110352 0.000000 0.996233 0.000000 -0.086718 1.000000 1.000000 1.000000
1074.136353 -5.039062 2116.864746 0.000000 0.523916 0.000000 0.851770 1.000000 1.000000 1.000000
1077.435303 -5.039062 2120.408447 0.000000 -0.955027 0.000000 0.296518 1.000000 1.000000 1.000000
1082.901611 -5.039062 2124.021973 0.000000 0.975762 0.000000 0.218834 1.000000 1.000000 1.000000
1083.595825 -5.039062 2127.241943 0.000000 0.978176 0.000000 -0.207779 1.000000 1.000000 1.000000
1089.239258 -5.039062 2129.005127 0.000000 -0.733100 0.000000 -0.680120 1.000000 1.000000 1.000000
1097.600464 -5.039062 2132.886963 0.000000 0.716506 0.000000 0.697581 1.000000 1.000000 1.000000
1103.460571 -5.039062 2138.136963 0.000000 0.716506 0.000000 0.697581 1.000000 1.000000 1.000000
1109.771973 -5.039062 2143.386475 0.000000 0.716506 0.000000 0.697581 1.000000 1.000000 1.000000
1126.629272 -5.039062 2160.535889 0.000000 0.716506 0.000000 0.697581 1.000000 1.000000 1.000000
1125.439697 -5.039062 2154.756348 0.000000 0.289748 0.000000 -0.957103 1.000000 1.000000 1.000000
1121.786987 -5.039062 2150.949951 0.000000 0.000000 0.000000 1.000000 1.000000 1.000000 1.000000
2884.454590 0.000000 2834.050781 0.000000 -0.541346 0.000000 0.840800 0.273096 0.273096 0.273096
2885.530029 0.000000 2830.676758 0.000000 0.464213 0.000000 0.885723 0.264990 0.264990 0.264990
2884.259521 0.000000 2830.779541 0.000000 0.834240 0.000000 0.551402 0.273096 0.273096 0.273096
2826.785645 0.000000 2769.193359 0.000000 0.591817 0.000000 0.806072 0.273096 0.273096 0.273096
2825.631104 0.000000 2769.119873 0.000000 -0.793330 0.000000 0.608792 0.264990 0.264990 0.264990
2824.672363 0.000000 2769.935059 0.000000 -0.944434 0.000000 -0.328701 0.273096 0.273096 0.273096
2871.301025 0.000000 2714.683350 0.000000 -0.998853 0.000000 0.047884 0.273096 0.273096 0.273096
2870.260742 0.000000 2715.210938 0.000000 0.834304 0.000000 -0.551305 0.264990 0.264990 0.264990
2869.866943 0.000000 2716.416992 0.000000 0.594927 0.000000 0.803779 0.273096 0.273096 0.273096
2897.265869 0.000000 2789.291504 0.000000 -0.387378 0.000000 -0.921921 0.273096 0.273096 0.273096
2898.129883 0.000000 2788.624756 0.000000 -0.910745 0.000000 0.412969 0.264990 0.264990 0.264990
2826.360840 0.000000 2775.677246 0.000000 -0.776041 0.000000 0.630683 0.273096 0.273096 0.273096
2859.216309 0.000000 2711.420898 0.000000 -0.798677 0.000000 0.601760 0.273096 0.273096 0.273096
2898.235352 0.000000 2787.332520 0.000000 -0.962319 0.000000 -0.271923 0.273096 0.273096 0.273096
2880.278809 0.000000 2809.103271 0.000000 0.692574 0.000000 0.721346 0.273096 0.273096 0.273096
2878.501465 0.000000 2820.639160 0.000000 0.747237 0.000000 -0.664557 0.264990 0.264990 0.264990
2904.787598 0.000000 2774.534180 0.000000 0.160689 0.000000 -0.987005 0.273096 0.273096 0.273096
2881.231201 0.000000 2809.627197 0.000000 -0.732939 0.000000 -0.680295 0.264990 0.264990 0.264990
2854.851807 0.000000 2710.077148 0.000000 0.924354 0.000000 0.381535 0.264990 0.264990 0.264990
2826.876953 0.000000 2774.662598 0.000000 0.959356 0.000000 -0.282199 0.264990 0.264990 0.264990
2826.424561 0.000000 2773.463379 0.000000 -0.490944 0.000000 0.871191 0.273096 0.273096 0.273096
2814.042725 0.000000 2764.673584 0.000000 -0.904992 0.000000 -0.425430 0.343130 0.343130 0.343130
2862.140625 0.000000 2721.434082 0.000000 -0.981767 0.000000 -0.190091 0.264990 0.264990 0.264990
2882.429688 0.000000 2809.129150 0.000000 -0.377383 0.000000 0.926057 0.273096 0.273096 0.273096
2908.618896 0.000000 2772.045410 0.000000 0.056576 0.000000 0.998398 0.264990 0.264990 0.264990
2861.035889 0.000000 2720.825684 0.000000 -0.051204 0.000000 0.998688 0.273096 0.273096 0.273096
2858.943604 0.000000 2710.307129 0.000000 -0.981767 0.000000 -0.190091 0.264990 0.264990 0.264990
2875.286865 0.000000 2818.545410 0.000000 0.220548 -0.000000 -0.975376 0.264990 0.264990 0.264990
2879.477783 0.000000 2793.029785 -0.000000 -0.174220 0.000000 0.984707 0.264990 0.264990 0.264990
2857.838867 0.000000 2709.698730 0.000000 -0.051204 0.000000 0.998688 0.273096 0.273096 0.273096
2813.545166 0.000000 2763.327148 0.000000 0.495235 -0.000000 -0.868759 0.332945 0.332945 0.332945
2812.065430 0.000000 2762.846680 0.000000 -0.680463 0.000000 0.732782 0.343130 0.343130 0.343130
2868.544189 0.000000 2708.315430 -0.000000 0.889575 0.000000 0.456790 0.343130 0.343130 0.343130
2811.311523 0.000000 2763.942383 0.000000 0.621216 0.000000 -0.783640 0.332945 0.332945 0.332945
2905.739990 0.000000 2775.058105 0.000000 -0.991107 0.000000 -0.133066 0.264990 0.264990 0.264990
2824.972900 0.000000 2767.801514 -0.000000 0.042181 0.000000 0.999110 0.343130 0.343130 0.343130
2824.475342 0.000000 2766.455078 0.000000 -0.700662 0.000000 0.713493 0.332945 0.332945 0.332945
2906.938477 0.000000 2774.560059 0.000000 -0.671500 -0.000000 -0.741004 0.273096 0.273096 0.273096
2868.199707 0.000000 2706.927002 0.000000 0.002550 -0.000000 -0.999997 0.332945 0.332945 0.332945
2869.036133 0.000000 2714.397949 0.000000 -0.999520 0.000000 -0.030966 0.343130 0.343130 0.343130
2866.787109 0.000000 2706.280029 0.000000 0.391187 0.000000 -0.920311 0.343130 0.343130 0.343130
2867.910645 0.000000 2713.497803 0.000000 -0.877391 0.000000 0.479776 0.332945 0.332945 0.332945
2865.910156 0.000000 2707.286133 0.000000 0.932940 0.000000 0.360032 0.332945 0.332945 0.332945
2866.415039 0.000000 2713.852295 0.000000 -0.478017 0.000000 -0.878351 0.343130 0.343130 0.343130
2866.300049 0.000000 2715.186035 0.000000 0.042473 0.000000 -0.999098 0.332945 0.332945 0.332945
2822.995605 0.000000 2765.974609 0.000000 0.988607 0.000000 -0.150522 0.343130 0.343130 0.343130
2822.241699 0.000000 2767.070312 0.000000 0.887059 0.000000 0.461655 0.332945 0.332945 0.332945
2859.912598 0.000000 2716.802002 0.000000 0.926529 0.000000 0.376223 0.332945 0.332945 0.332945
2861.195801 0.000000 2715.851807 0.000000 0.579958 0.000000 -0.814646 0.343130 0.343130 0.343130
2860.827637 0.000000 2714.656982 0.000000 0.982035 0.000000 0.188698 0.332945 0.332945 0.332945
2901.147461 0.000000 2783.637939 0.000000 -0.205954 0.000000 -0.978562 0.343130 0.343130 0.343130
2885.753418 0.000000 2829.195068 0.000000 0.407136 0.000000 -0.913368 0.343130 0.343130 0.343130
2886.122803 0.000000 2827.836182 0.000000 -0.065319 0.000000 0.997864 0.332945 0.332945 0.332945
2885.228027 0.000000 2826.567627 0.000000 -0.131965 0.000000 0.991254 0.343130 0.343130 0.343130
2824.715820 0.000000 2768.727051 0.000000 -0.250454 0.000000 0.968128 0.612877 0.612877 0.612877
2855.116455 0.000000 2710.841309 0.000000 -0.981942 0.000000 0.189180 0.612877 0.612877 0.612877
2869.252686 0.000000 2715.365967 0.000000 -0.282729 0.000000 0.959200 0.612877 0.612877 0.612877
2883.947021 0.000000 2827.021240 0.000000 0.676877 -0.000000 -0.736096 0.332945 0.332945 0.332945
2902.355713 0.000000 2784.297119 0.000000 -0.936757 0.000000 -0.349980 0.332945 0.332945 0.332945
2903.851562 0.000000 2783.662354 0.000000 -0.435358 0.000000 0.900258 0.343130 0.343130 0.343130
2903.581055 0.000000 2782.281738 0.000000 -0.687919 -0.000000 -0.725788 0.332945 0.332945 0.332945
2884.983643 0.000000 2829.796875 0.000000 -0.947942 0.000000 0.318442 0.612877 0.612877 0.612877
2899.558105 0.000000 2789.053467 0.000000 -0.205954 0.000000 -0.978562 0.343130 0.343130 0.343130
2835.676514 0.000000 2768.016113 0.000000 -0.898317 0.000000 0.439347 0.612877 0.612877 0.612877
2900.766357 0.000000 2789.712646 0.000000 -0.936757 0.000000 -0.349980 0.332945 0.332945 0.332945
2883.274658 0.000000 2806.418945 0.000000 -0.281950 0.000000 0.959429 0.612877 0.612877 0.612877
2902.262207 0.000000 2789.077881 0.000000 -0.435358 0.000000 0.900258 0.343130 0.343130 0.343130
2901.991699 0.000000 2787.697266 0.000000 -0.687919 -0.000000 -0.725788 0.332945 0.332945 0.332945
2906.224854 0.000000 2767.020020 0.000000 0.966295 0.000000 0.257436 0.596924 0.596924 0.596924
2907.456543 0.000000 2768.821289 0.000000 -0.582752 0.000000 0.812650 0.579206 0.579206 0.579206
2810.973633 0.000000 2764.162842 0.000000 0.815812 0.000000 0.578317 0.579206 0.579206 0.579206
2808.403076 0.000000 2763.395996 0.000000 0.916883 0.000000 -0.399156 0.596924 0.596924 0.596924
2907.783447 0.000000 2771.849854 0.000000 -0.971823 0.000000 0.235713 0.612877 0.612877 0.612877
2830.274902 0.000000 2774.687988 0.000000 0.329963 0.000000 0.943994 0.579206 0.579206 0.579206
2827.468750 0.000000 2773.951416 0.000000 -0.890349 0.000000 -0.455279 0.612877 0.612877 0.612877
2867.558594 0.000000 2711.786133 0.000000 -0.750474 0.000000 -0.660900 0.793600 0.793600 0.793600
2864.287354 0.000000 2712.064697 0.000000 -0.748088 0.000000 0.663600 0.770044 0.770044 0.770044
2825.006836 0.000000 2764.768799 0.000000 0.988721 0.000000 -0.149767 0.793600 0.793600 0.793600
2822.095947 0.000000 2763.406982 -0.000000 -0.030496 0.000000 0.999535 0.770044 0.770044 0.770044
2862.137695 0.000000 2720.461182 -0.000000 0.514387 0.000000 0.857558 0.612877 0.612877 0.612877
2818.726318 0.000000 2764.940186 0.000000 -0.763819 0.000000 0.645431 0.793600 0.793600 0.793600
2865.549316 0.000000 2707.471680 0.000000 -0.985323 0.000000 -0.170700 0.579206 0.579206 0.579206
2863.088135 0.000000 2706.414795 0.000000 -0.615879 0.000000 0.787841 0.596924 0.596924 0.596924
2819.450439 0.000000 2768.127441 0.000000 0.456764 0.000000 -0.889588 0.770044 0.770044 0.770044
2861.593994 0.000000 2708.108643 0.000000 -0.687144 0.000000 0.726521 0.579206 0.579206 0.579206
2858.940674 0.000000 2709.334229 -0.000000 0.514387 0.000000 0.857558 0.612877 0.612877 0.612877
2874.081543 0.000000 2703.030518 0.000000 -0.389887 0.000000 0.920863 0.793600 0.793600 0.793600
2867.819824 0.000000 2702.499512 0.000000 -0.336155 0.000000 0.941806 0.793600 0.793600 0.793600
2868.187500 0.000000 2705.746338 0.000000 -0.408716 0.000000 -0.912662 0.770044 0.770044 0.770044
2871.523193 0.000000 2814.514648 0.000000 -0.483815 0.000000 -0.875170 0.596924 0.596924 0.596924
2899.067627 0.000000 2788.153564 0.000000 -0.570454 0.000000 -0.821330 0.612877 0.612877 0.612877
2888.836670 0.000000 2792.918457 0.000000 0.881348 0.000000 0.472467 0.596924 0.596924 0.596924
2887.541992 0.000000 2826.728760 0.000000 0.523682 0.000000 0.851914 0.793600 0.793600 0.793600
2885.989990 0.000000 2823.928467 -0.000000 0.592414 0.000000 0.805633 0.770044 0.770044 0.770044
2882.328369 0.000000 2823.212646 0.000000 -0.058673 0.000000 0.998277 0.793600 0.793600 0.793600
2881.086670 0.000000 2826.222900 0.000000 -0.382572 0.000000 -0.923926 0.770044 0.770044 0.770044
2909.664307 0.000000 2764.603027 0.000000 0.939563 0.000000 0.342375 0.793600 0.793600 0.793600
2873.251465 0.000000 2815.774170 0.000000 -0.999340 0.000000 0.036334 0.579206 0.579206 0.579206
2835.170166 0.000000 2772.170654 0.000000 0.922681 0.000000 0.385564 0.579206 0.579206 0.579206
2833.804932 0.000000 2766.627197 -0.000000 0.343578 0.000000 0.939124 0.612877 0.612877 0.612877
2874.421143 0.000000 2818.628906 0.000000 0.548834 -0.000000 -0.835932 0.612877 0.612877 0.612877
2881.207764 0.000000 2812.987061 0.000000 0.267377 0.000000 -0.963592 0.579206 0.579206 0.579206
2882.086670 0.000000 2810.193848 0.000000 -0.930709 0.000000 -0.365761 0.612877 0.612877 0.612877
2889.172852 0.000000 2795.077881 -0.000000 -0.753803 0.000000 0.657100 0.579206 0.579206 0.579206
2885.578125 0.000000 2799.416748 0.000000 -0.994250 0.000000 -0.107082 0.612877 0.612877 0.612877
2903.611328 0.000000 2781.910889 0.000000 -0.936757 0.000000 -0.349980 0.579206 0.579206 0.579206
2906.163574 0.000000 2780.760254 0.000000 -0.435358 0.000000 0.900258 0.596924 0.596924 0.596924
2891.951416 0.000000 2789.308105 0.000000 0.312114 0.000000 -0.950045 0.793600 0.793600 0.793600
2905.716553 0.000000 2778.417969 0.000000 -0.687919 -0.000000 -0.725788 0.579206 0.579206 0.579206
2906.595459 0.000000 2775.624756 0.000000 -0.047866 0.000000 -0.998854 0.612877 0.612877 0.612877
2901.659424 0.000000 2791.223389 0.000000 -0.231555 0.000000 -0.972822 0.793600 0.793600 0.793600
2904.742432 0.000000 2790.260498 0.000000 0.042886 0.000000 -0.999080 0.770044 0.770044 0.770044
2906.072021 0.000000 2786.761719 0.000000 0.355417 0.000000 0.934708 0.793600 0.793600 0.793600
2903.409668 0.000000 2785.006104 0.000000 0.000000 0.000000 1.000000 0.770044 0.770044 0.770044
"}
object={
	name="mountain 04"
	render_pass=MapUnderWater
	clamp_to_water_level=no
	generated_content=no
	layer="building_layer"
	pdxmesh="mountain_04_mesh"
	count=6
	transform="1575.971680 0.000000 4295.918457 0.000000 -0.244771 0.000000 0.969581 0.432031 0.432031 0.432031
1583.507935 0.000000 4329.448242 0.000000 0.996187 0.000000 0.087246 0.879980 0.879980 0.879980
1571.207153 0.000000 4335.392090 0.000000 0.666136 0.000000 0.745830 1.000000 1.000000 1.000000
2074.533691 0.000000 3168.191650 0.000000 0.000000 0.000000 1.000000 1.080959 1.080959 1.080959
2063.450439 0.000000 3171.370850 0.000000 0.426908 0.000000 0.904295 0.597898 0.597898 0.597898
2063.275146 0.000000 3175.341309 0.000000 0.426908 0.000000 0.904295 0.597898 0.597898 0.597898
"}
object={
	name="mountain 05"
	render_pass=MapUnderWater
	clamp_to_water_level=no
	generated_content=no
	layer="building_layer"
	pdxmesh="mountain_05_mesh"
	count=10
	transform="1575.029541 0.000000 4295.562988 0.000000 0.591477 0.000000 0.806322 0.478320 0.478320 0.478320
1574.965820 0.000000 4344.604004 0.000000 -0.949193 0.000000 -0.314694 0.696289 0.696289 0.696289
1604.204590 0.000000 4296.752930 0.000000 0.822446 0.000000 0.568843 1.000000 1.000000 1.000000
2071.846680 0.000000 3174.445312 0.000000 0.710531 0.000000 0.703666 0.858070 0.858070 0.858070
2060.246094 0.000000 3174.273193 0.000000 0.000000 0.000000 1.000000 0.414136 0.414136 0.414136
2548.392090 0.000000 3891.708984 0.000000 -0.655999 0.000000 -0.754761 1.000000 1.000000 1.000000
2547.836914 0.000000 3892.209473 0.000000 -0.886423 0.000000 -0.462875 1.000000 1.000000 1.000000
2556.828857 -7.606689 3894.375000 0.000000 0.316939 0.000000 -0.948446 1.000000 1.000000 1.000000
2556.487305 -7.606689 3894.129883 0.000000 0.316939 0.000000 -0.948446 1.000000 1.000000 1.000000
2556.729248 -7.606689 3895.125244 0.000000 0.316939 0.000000 -0.948446 1.000000 1.000000 1.000000
"}
object={
	name="mountain 06"
	render_pass=MapUnderWater
	clamp_to_water_level=no
	generated_content=no
	layer="building_layer"
	pdxmesh="mountain_06_mesh"
	count=3
	transform="1041.135132 0.000000 2545.026855 0.000000 -0.304315 0.000000 0.952571 0.352001 0.352001 0.352001
1585.794312 0.000000 4337.850098 0.000000 0.825803 0.000000 -0.563958 0.775391 0.775391 0.775391
2092.522217 0.000000 3180.264893 0.000000 0.000000 0.000000 1.000000 1.000000 1.000000 1.000000
"}
