object={
	name="hadrians wall 01"
	render_pass=MapUnderWater
	clamp_to_water_level=no
	generated_content=no
	layer="temp_layer"
	pdxmesh="hadrians_wall_01_a_mesh"
	count=2
	transform="2006.114502 0.000000 5363.626953 0.000000 -0.349695 0.000000 -0.936864 0.458252 0.458252 0.458252
2004.804688 0.000000 5364.975098 0.000000 0.403290 0.000000 -0.915072 0.458252 0.458252 0.458252
"}
object={
	name="hadrians wall 02"
	render_pass=MapUnderWater
	clamp_to_water_level=no
	generated_content=no
	layer="temp_layer"
	pdxmesh="hadrians_wall_01_b_mesh"
	count=2
	transform="2006.554565 0.000000 5362.701172 0.000000 -0.438340 0.000000 0.898809 0.370744 0.370744 0.370744
2006.369385 0.000000 5365.003418 0.000000 -0.936734 0.000000 0.350042 0.381435 0.381435 0.381435
"}
object={
	name="hadrians wall 03"
	render_pass=MapUnderWater
	clamp_to_water_level=no
	generated_content=no
	layer="temp_layer"
	pdxmesh="hadrians_wall_01_c_mesh"
	count=0
}
object={
	name="hadrians wall 04"
	render_pass=MapUnderWater
	clamp_to_water_level=no
	generated_content=no
	layer="temp_layer"
	pdxmesh="hadrians_wall_01_d_mesh"
	count=183
	transform="1507.925659 0.000000 4421.604492 0.000000 -0.718042 0.000000 -0.696001 1.000000 1.000000 1.000000
1506.201538 0.000000 4462.084473 0.000000 -0.714856 0.000000 0.699272 1.000000 1.000000 1.000000
1406.929565 0.000000 4248.243164 0.000000 0.685843 0.000000 0.727749 1.000000 1.000000 1.000000
1385.434326 0.000000 4293.872559 0.000000 0.635308 0.000000 0.772258 1.000000 1.000000 1.000000
1378.678589 0.000000 4334.449707 0.000000 -0.837178 0.000000 0.546930 1.000000 1.000000 1.000000
1383.673218 0.000000 4381.576172 0.000000 -0.837178 0.000000 0.546930 1.000000 1.000000 1.000000
1165.383301 0.000000 4510.029785 0.000000 0.997832 0.000000 0.065803 1.000000 1.000000 1.000000
1198.169556 0.000000 4520.590332 0.000000 -0.780155 0.000000 -0.625585 1.000000 1.000000 1.000000
1237.995483 0.000000 4517.232422 0.000000 0.702391 0.000000 0.711791 1.000000 1.000000 1.000000
1270.323242 0.000000 4528.471191 0.000000 -0.985227 0.000000 0.171251 1.000000 1.000000 1.000000
1296.097168 0.000000 4517.100586 0.000000 -0.999922 0.000000 0.012456 1.000000 1.000000 1.000000
923.499451 0.000000 4378.274414 0.000000 -0.200243 0.000000 -0.979746 1.000000 1.000000 1.000000
950.405884 0.000000 4365.584473 0.000000 -0.991123 0.000000 -0.132942 1.000000 1.000000 1.000000
988.956970 0.000000 4354.223633 0.000000 -0.930652 0.000000 -0.365906 1.000000 1.000000 1.000000
1028.162598 0.000000 4349.681152 0.000000 -0.815850 0.000000 -0.578262 1.000000 1.000000 1.000000
1045.850464 0.000000 4338.939453 0.000000 -0.973603 0.000000 -0.228245 1.000000 1.000000 1.000000
1075.151733 0.000000 4300.247559 0.000000 0.071500 0.000000 0.997440 1.000000 1.000000 1.000000
1121.791138 0.000000 4308.442871 0.000000 -0.599327 0.000000 0.800504 1.000000 1.000000 1.000000
1145.694214 0.000000 4332.882812 0.000000 -0.405082 0.000000 -0.914280 1.000000 1.000000 1.000000
1179.634644 0.000000 4353.293457 0.000000 -0.999922 0.000000 0.012456 1.000000 1.000000 1.000000
1229.899780 0.000000 4367.475098 0.000000 -0.999922 0.000000 0.012456 1.000000 1.000000 1.000000
1249.740356 0.000000 4393.832520 0.000000 0.863415 -0.000000 -0.504494 1.000000 1.000000 1.000000
1279.651855 0.000000 4388.485352 0.000000 0.531542 0.000000 0.847031 1.000000 1.000000 1.000000
1316.005981 0.000000 4390.265625 0.000000 -0.964174 0.000000 0.265269 1.000000 1.000000 1.000000
1346.270020 0.000000 4394.393555 0.000000 0.182101 0.000000 0.983279 1.000000 1.000000 1.000000
1380.877319 0.000000 4432.428711 0.000000 -0.999922 0.000000 0.012456 1.000000 1.000000 1.000000
1461.561401 0.000000 4487.945312 0.000000 -0.999922 0.000000 0.012456 1.000000 1.000000 1.000000
1421.128052 0.000000 4470.226562 0.000000 -0.956860 0.000000 0.290548 1.000000 1.000000 1.000000
1397.533325 0.000000 4480.729980 0.000000 -0.999744 0.000000 0.022659 1.000000 1.000000 1.000000
1351.208374 0.000000 4485.058594 0.000000 -0.997903 0.000000 -0.064727 1.000000 1.000000 1.000000
1362.671387 0.000000 4468.265625 0.000000 0.711680 0.000000 -0.702503 1.000000 1.000000 1.000000
1335.130371 0.000000 4533.901855 0.000000 -0.202925 0.000000 0.979194 1.000000 1.000000 1.000000
1370.522095 0.000000 4506.650879 0.000000 0.999692 0.000000 -0.024797 1.000000 1.000000 1.000000
1446.054810 0.000000 4548.209961 0.000000 -0.511345 0.000000 0.859375 1.000000 1.000000 1.000000
1416.099854 0.000000 4552.079590 0.000000 0.403084 0.000000 -0.915163 1.000000 1.000000 1.000000
1381.027222 0.000000 4549.135254 0.000000 0.984964 0.000000 -0.172759 1.000000 1.000000 1.000000
1367.967285 0.000000 4584.668945 0.000000 0.782397 0.000000 -0.622780 1.000000 1.000000 1.000000
1346.642700 0.000000 4626.595215 0.000000 0.843154 0.000000 -0.537671 1.000000 1.000000 1.000000
1363.133423 0.000000 4676.776367 0.000000 0.975802 0.000000 -0.218658 1.000000 1.000000 1.000000
1399.491211 0.000000 4701.961914 0.000000 0.989442 0.000000 0.144927 1.000000 1.000000 1.000000
1403.253662 0.000000 4732.919434 0.000000 -0.179734 0.000000 -0.983715 1.000000 1.000000 1.000000
1420.110840 0.000000 4750.695312 0.000000 -0.951349 0.000000 -0.308115 1.000000 1.000000 1.000000
1425.649292 0.000000 4786.486816 0.000000 0.907145 0.000000 0.420818 1.000000 1.000000 1.000000
1802.030640 0.000000 3540.125000 0.000000 -0.938715 0.000000 -0.344695 1.000000 1.000000 1.000000
2128.420166 0.000000 3483.835449 0.000000 -0.455507 0.000000 0.890233 1.000000 1.000000 1.000000
2107.265625 0.000000 3520.416992 0.000000 -0.908579 0.000000 -0.417715 1.000000 1.000000 1.000000
2067.859619 0.000000 3525.784668 -0.000000 0.961158 0.000000 0.276000 1.000000 1.000000 1.000000
2058.144531 0.000000 3537.694336 0.000000 -0.998888 0.000000 -0.047163 1.000000 1.000000 1.000000
1995.376343 0.000000 3520.277344 0.000000 0.828945 0.000000 0.559331 1.000000 1.000000 1.000000
1978.409668 0.000000 3516.026611 0.000000 -0.433065 0.000000 -0.901363 1.000000 1.000000 1.000000
1929.592407 0.000000 3478.968506 0.000000 -0.446736 -0.000000 -0.894666 1.000000 1.000000 1.000000
2010.995972 0.000000 3553.462402 -0.000000 0.848346 0.000000 0.529443 1.000000 1.000000 1.000000
1791.566772 0.000000 3630.963379 0.000000 -0.016904 -0.000000 -0.999858 1.000000 1.000000 1.000000
1838.178711 0.000000 3562.407471 0.000000 -0.911900 0.000000 0.410414 1.000000 1.000000 1.000000
1830.574951 0.000000 3595.065430 0.000000 -0.911900 0.000000 0.410414 1.000000 1.000000 1.000000
1815.666138 0.000000 3621.140625 0.000000 -0.973315 0.000000 0.229476 1.000000 1.000000 1.000000
1849.860474 0.000000 3667.348633 0.000000 -0.860556 0.000000 0.509357 1.000000 1.000000 1.000000
1865.981934 0.000000 3679.995605 0.000000 0.407810 0.000000 -0.913068 1.000000 1.000000 1.000000
1909.588623 0.000000 3683.940430 0.000000 -0.868019 0.000000 0.496532 1.000000 1.000000 1.000000
1936.088257 0.000000 3695.239990 0.000000 -0.772682 0.000000 0.634794 1.000000 1.000000 1.000000
1952.162109 0.000000 3707.635986 0.000000 -0.354426 -0.000000 -0.935085 1.000000 1.000000 1.000000
1962.208618 0.000000 3710.150635 0.000000 0.578087 -0.000000 -0.815976 1.000000 1.000000 1.000000
1997.248047 0.000000 3719.117920 0.000000 -0.996981 0.000000 -0.077658 1.000000 1.000000 1.000000
2000.961182 0.000000 3711.078369 0.000000 -0.102211 0.000000 0.994763 1.000000 1.000000 1.000000
2013.119995 0.000000 3707.484863 0.000000 0.276425 0.000000 0.961036 1.000000 1.000000 1.000000
2024.494751 0.000000 3691.922363 0.000000 0.994142 0.000000 0.108084 1.000000 1.000000 1.000000
2042.732300 0.000000 3678.864990 0.000000 -0.360838 0.000000 0.932629 1.000000 1.000000 1.000000
2091.527344 0.000000 3688.641602 0.000000 0.956819 0.000000 -0.290687 1.000000 1.000000 1.000000
2060.576172 0.000000 3665.487305 0.000000 -0.288971 0.000000 0.957339 1.000000 1.000000 1.000000
1686.881592 0.000000 3992.278076 0.000000 -0.821146 0.000000 0.570719 1.000000 1.000000 1.000000
1672.206909 0.000000 3995.879395 0.000000 -0.208946 -0.000000 -0.977928 1.000000 1.000000 1.000000
1664.004761 0.000000 3993.976807 0.000000 -0.013014 0.000000 -0.999916 1.000000 1.000000 1.000000
1960.545166 0.000000 3574.451660 0.000000 -0.288971 0.000000 0.957339 1.000000 1.000000 1.000000
1969.472168 0.000000 3566.192627 0.000000 -0.989747 0.000000 0.142837 1.000000 1.000000 1.000000
1931.988770 0.000000 3540.290771 -0.000000 -0.068048 0.000000 0.997683 1.000000 1.000000 1.000000
1866.307617 0.000000 3521.170654 0.000000 0.173439 0.000000 -0.984845 1.000000 1.000000 1.000000
1827.786499 0.000000 3526.874756 -0.000000 0.321887 0.000000 0.946779 1.000000 1.000000 1.000000
1804.903931 0.000000 3555.165283 0.000000 -0.938715 0.000000 -0.344695 1.000000 1.000000 1.000000
1778.185181 0.000000 3535.842773 0.000000 -0.938715 0.000000 -0.344695 1.000000 1.000000 1.000000
1750.855713 0.000000 3521.494629 0.000000 -0.366980 0.000000 -0.930230 1.000000 1.000000 1.000000
1688.594971 0.000000 3443.687744 0.000000 -0.732747 0.000000 0.680502 1.000000 1.000000 1.000000
1735.889038 0.000000 3517.465576 0.000000 -0.732747 0.000000 0.680502 1.000000 1.000000 1.000000
1712.390015 0.000000 3503.701660 0.000000 -0.998389 0.000000 -0.056759 1.000000 1.000000 1.000000
1709.734253 0.000000 3481.912842 0.000000 -0.531425 0.000000 -0.847106 1.000000 1.000000 1.000000
1706.730103 0.000000 3467.981445 0.000000 0.650438 0.000000 0.759560 1.000000 1.000000 1.000000
1701.893311 0.000000 3454.148926 0.000000 0.836688 0.000000 -0.547681 1.000000 1.000000 1.000000
1442.767944 0.000000 4808.452637 0.000000 0.836688 0.000000 -0.547681 1.000000 1.000000 1.000000
1458.843750 0.000000 4830.185059 0.000000 0.055251 0.000000 0.998473 1.000000 1.000000 1.000000
1571.505493 0.000000 4551.942871 0.000000 -0.960636 0.000000 0.277810 1.000000 1.000000 1.000000
1532.613281 0.000000 4554.304199 0.000000 -0.960636 0.000000 0.277810 1.000000 1.000000 1.000000
1485.602417 0.000000 4834.409180 0.000000 -0.981692 0.000000 -0.190476 1.000000 1.000000 1.000000
1496.762695 0.000000 4855.754395 0.000000 -0.622952 0.000000 0.782260 1.000000 1.000000 1.000000
1519.939453 0.000000 4869.821289 0.000000 -0.960636 0.000000 0.277810 1.000000 1.000000 1.000000
1531.076294 0.000000 4887.216797 0.000000 0.249265 0.000000 0.968435 1.000000 1.000000 1.000000
1560.688965 0.000000 4923.719238 0.000000 -0.512907 0.000000 0.858444 1.000000 1.000000 1.000000
1563.751343 0.000000 4932.603516 0.000000 0.963175 0.000000 -0.268875 1.000000 1.000000 1.000000
1571.326294 0.000000 4942.584961 0.000000 0.980029 0.000000 -0.198856 1.000000 1.000000 1.000000
1575.224854 0.000000 4953.408691 0.000000 0.236002 0.000000 0.971753 1.000000 1.000000 1.000000
1598.653809 0.000000 5001.634766 0.000000 0.742758 0.000000 0.669560 1.000000 1.000000 1.000000
1582.788330 0.000000 4980.705566 0.000000 0.236002 0.000000 0.971753 1.000000 1.000000 1.000000
1771.661743 0.000000 5216.739746 0.000000 0.631952 -0.000000 -0.775007 1.000000 1.000000 1.000000
1797.010254 0.000000 5269.850098 0.000000 -0.998122 0.000000 -0.061257 1.000000 1.000000 1.000000
1726.991089 0.000000 5270.795898 0.000000 -0.855644 0.000000 0.517565 1.000000 1.000000 1.000000
1665.490234 0.000000 5252.526367 0.000000 -0.855644 0.000000 0.517565 1.000000 1.000000 1.000000
1513.669434 0.000000 5207.454590 0.000000 -0.855644 0.000000 0.517565 1.000000 1.000000 1.000000
1411.922607 0.000000 5232.798828 0.000000 -0.855644 0.000000 0.517565 1.000000 1.000000 1.000000
1426.135742 0.000000 5222.240234 0.000000 -0.563031 0.000000 -0.826436 1.000000 1.000000 1.000000
1426.504028 0.000000 5206.997070 0.000000 -0.333882 0.000000 -0.942615 1.000000 1.000000 1.000000
1471.942505 0.000000 5195.146973 0.000000 -0.994997 0.000000 -0.099902 1.000000 1.000000 1.000000
1603.719360 0.000000 5244.356934 0.000000 -0.994997 0.000000 -0.099902 1.000000 1.000000 1.000000
1632.839966 0.000000 5251.281738 0.000000 0.121839 0.000000 -0.992550 1.000000 1.000000 1.000000
1631.104370 0.000000 5224.416504 0.000000 0.809724 0.000000 -0.586811 1.000000 1.000000 1.000000
1647.544312 0.000000 5209.354004 0.000000 0.236002 0.000000 0.971753 1.000000 1.000000 1.000000
1651.288818 0.000000 5080.131348 0.000000 0.236002 0.000000 0.971753 1.000000 1.000000 1.000000
1652.081299 0.000000 5063.536621 0.000000 0.236002 0.000000 0.971753 1.000000 1.000000 1.000000
1633.313110 0.000000 5021.384766 0.000000 0.639530 0.000000 0.768766 1.000000 1.000000 1.000000
1637.888184 0.000000 5031.431152 0.000000 -0.085449 0.000000 0.996343 1.000000 1.000000 1.000000
1820.546753 0.000000 4952.888184 0.000000 -0.659535 0.000000 0.751674 1.000000 1.000000 1.000000
2028.895142 0.000000 4879.227051 0.000000 -0.661568 0.000000 0.749886 1.000000 1.000000 1.000000
1609.558105 0.000000 4724.932129 0.000000 -0.759927 0.000000 -0.650009 1.000000 1.000000 1.000000
1642.698975 0.000000 4717.466797 0.000000 0.676489 0.000000 -0.736452 1.000000 1.000000 1.000000
1694.734009 0.000000 4735.944824 0.000000 0.264204 0.000000 -0.964467 1.000000 1.000000 1.000000
1747.482788 0.000000 4751.138184 0.000000 0.153815 0.000000 -0.988100 1.000000 1.000000 1.000000
1781.203247 0.000000 4794.288574 0.000000 0.182044 0.000000 0.983290 1.000000 1.000000 1.000000
1802.151978 0.000000 4813.057617 0.000000 -0.349436 -0.000000 -0.936960 1.000000 1.000000 1.000000
1850.211060 0.000000 4827.323242 0.000000 -0.523303 0.000000 0.852146 1.000000 1.000000 1.000000
1524.954224 0.000000 4393.338379 0.000000 0.988400 0.000000 0.151873 1.000000 1.000000 1.000000
1546.695923 0.000000 4360.281738 0.000000 0.949734 0.000000 -0.313060 1.000000 1.000000 1.000000
1658.787231 0.000000 4144.868164 0.000000 0.949734 0.000000 -0.313060 1.000000 1.000000 1.000000
1630.469482 0.000000 4176.800293 0.000000 0.270592 -0.000000 -0.962694 1.000000 1.000000 1.000000
1622.514282 0.000000 4206.705566 0.000000 -0.998632 0.000000 0.052286 1.000000 1.000000 1.000000
1565.155518 0.000000 4319.458984 -0.000000 -0.213705 0.000000 0.976898 1.000000 1.000000 1.000000
1619.874878 0.000000 4248.152832 0.000000 0.996487 0.000000 0.083749 1.000000 1.000000 1.000000
1997.338867 0.000000 4874.613281 0.000000 0.136841 0.000000 0.990593 1.000000 1.000000 1.000000
1951.709717 0.000000 4868.712891 0.000000 -0.574024 0.000000 0.818839 1.000000 1.000000 1.000000
1915.355713 0.000000 4865.879883 0.000000 -0.906042 0.000000 -0.423189 1.000000 1.000000 1.000000
1903.341919 0.000000 4853.005371 0.000000 -0.718676 0.000000 0.695346 1.000000 1.000000 1.000000
1881.265381 0.000000 4835.894531 0.000000 -0.977052 0.000000 -0.213001 1.000000 1.000000 1.000000
1769.712158 0.000000 4972.608887 0.000000 -0.977052 0.000000 -0.213001 1.000000 1.000000 1.000000
1756.198486 0.000000 4990.613770 0.000000 0.482782 0.000000 0.875741 1.000000 1.000000 1.000000
1712.498047 0.000000 5019.536133 0.000000 0.365311 0.000000 0.930885 1.000000 1.000000 1.000000
1674.167603 0.000000 5031.049316 0.000000 -0.787064 0.000000 0.616872 1.000000 1.000000 1.000000
1760.459351 0.000000 4907.827637 0.000000 -0.787064 0.000000 0.616872 1.000000 1.000000 1.000000
1730.786133 0.000000 4926.118164 0.000000 -0.787064 0.000000 0.616872 1.000000 1.000000 1.000000
1700.544312 0.000000 4942.694824 0.000000 -0.986864 0.000000 0.161555 1.000000 1.000000 1.000000
1624.292725 0.000000 4998.656250 0.000000 -0.986864 0.000000 0.161555 1.000000 1.000000 1.000000
1640.344360 0.000000 5040.319336 0.000000 0.765014 0.000000 0.644014 1.000000 1.000000 1.000000
856.307129 -0.762695 4896.601562 0.000000 -0.051448 0.000000 0.998676 0.706445 0.706445 0.706445
855.133362 -0.762695 4897.589844 0.000000 0.996512 0.000000 0.083455 1.000000 1.000000 1.000000
2007.239624 0.000000 5363.959961 0.000000 -0.637080 0.000000 0.770797 0.870104 0.870104 0.870104
2003.253174 0.000000 5363.556641 0.000000 -0.937764 0.000000 -0.347274 0.677814 0.677814 0.677814
2005.858154 0.000000 5364.006348 0.000000 0.162406 0.000000 -0.986724 0.420564 0.420564 0.420564
2005.241333 0.000000 5363.495605 0.000000 -0.797165 0.000000 0.603762 0.420564 0.420564 0.420564
2000.326782 0.000000 5371.751465 0.000000 0.000000 0.000000 1.000000 1.000000 1.000000 1.000000
1999.077271 0.000000 5376.090332 0.000000 -0.944067 0.000000 0.329753 0.779004 0.779004 0.779004
2000.132202 0.000000 5373.319824 0.000000 -0.503441 -0.000000 -0.864030 0.483350 0.483350 0.483350
1999.393066 0.000000 5373.877930 0.000000 -0.229808 0.000000 0.973236 0.483350 0.483350 0.483350
1042.270264 -0.477783 2541.065186 0.000000 -0.493338 0.000000 -0.869838 0.756415 0.756415 0.756415
1046.491821 -0.477783 2540.943115 0.000000 0.383027 -0.000000 -0.923737 0.756415 0.756415 0.756415
1043.884888 -0.477783 2542.091064 0.000000 0.538188 0.000000 0.842825 0.704442 0.704442 0.704442
1036.812866 -0.477783 2541.188721 0.000000 0.538188 0.000000 0.842825 0.749512 0.749512 0.749512
1306.366455 0.000000 3571.507080 0.000000 -0.327883 0.000000 -0.944718 0.540796 0.540796 0.540796
1305.499023 0.000000 3573.769775 0.000000 -0.179522 -0.000000 -0.983754 0.540796 0.540796 0.540796
1305.212646 0.000000 3570.634277 0.000000 -0.813007 0.000000 0.582254 0.540796 0.540796 0.540796
1308.042236 0.000000 3572.601318 -0.000000 0.116164 0.000000 0.993230 0.540796 0.540796 0.540796
1308.364502 0.000000 3575.031250 0.000000 -0.998918 0.000000 -0.046498 0.540796 0.540796 0.540796
1304.736084 0.000000 3574.478516 0.000000 -0.998918 0.000000 -0.046498 0.540796 0.540796 0.540796
1306.756348 0.000000 3574.843506 0.000000 -0.958628 -0.000000 -0.284662 0.540796 0.540796 0.540796
1306.446777 0.000000 3572.561279 0.000000 -0.016883 0.000000 0.999857 0.540796 0.540796 0.540796
2185.880615 0.000000 2685.123535 0.000000 -0.327883 0.000000 -0.944718 0.540796 0.540796 0.540796
2185.013184 0.000000 2687.386230 0.000000 -0.179522 -0.000000 -0.983754 0.540796 0.540796 0.540796
2184.726807 0.000000 2684.250732 0.000000 -0.813007 0.000000 0.582254 0.540796 0.540796 0.540796
2187.556396 0.000000 2686.217773 -0.000000 0.116164 0.000000 0.993230 0.540796 0.540796 0.540796
2187.878662 0.000000 2688.647705 0.000000 -0.998918 0.000000 -0.046498 0.540796 0.540796 0.540796
2184.250244 0.000000 2688.094971 0.000000 -0.998918 0.000000 -0.046498 0.540796 0.540796 0.540796
2186.270508 0.000000 2688.459961 0.000000 -0.958628 -0.000000 -0.284662 0.540796 0.540796 0.540796
2185.960938 0.000000 2686.177734 0.000000 -0.016883 0.000000 0.999857 0.540796 0.540796 0.540796
1348.459595 0.000000 4687.217285 0.000000 -0.999759 0.000000 -0.021936 0.575537 0.575537 0.575537
1348.494751 0.000000 4687.261230 0.000000 -0.646320 0.000000 -0.763066 0.575537 0.575537 0.575537
1357.834595 0.000000 4693.386719 0.000000 0.401872 0.000000 -0.915696 0.575537 0.575537 0.575537
1357.869751 0.000000 4693.430664 0.000000 0.460857 0.000000 0.887474 0.575537 0.575537 0.575537
1357.951660 0.000000 4684.256836 0.000000 0.561762 0.000000 0.827299 0.575537 0.575537 0.575537
1357.986816 0.000000 4684.300781 0.000000 0.000000 0.000000 1.000000 0.575537 0.575537 0.575537
"}
object={
	name="mines"
	render_pass=MapUnderWater
	clamp_to_water_level=no
	generated_content=no
	layer="temp_layer"
	pdxmesh="building_special_mines_mesh"
	count=1
	transform="1037.139771 0.735840 3251.044434 0.000000 0.999254 0.000000 -0.038630 0.748438 0.748438 0.748438
"}
